1 0.811569 0.900421 0.11457 0.0641098
1 0.427385 0.397643 0.0991421 0.0548295
1 0.235127 0.746623 0.0715988 0.0440904
0 0.714614 0.60164 0.114237 0.0643561
0 0.701907 0.875471 0.10839 0.0706943
0 0.77821 0.645872 0.104985 0.0721815
1 0.0848687 0.718408 0.0754563 0.0462412
0 0.236438 0.45976 0.0762777 0.0311837
0 0.540857 0.385115 0.0551206 0.0553277
0 0.262181 0.839711 0.0790304 0.0532272
0 0.788553 0.81312 0.0954642 0.0599644
1 0.45286 0.447966 0.0613775 0.0377469
0 0.364878 0.604725 0.0796384 0.0519891
