0 0.588094 0.528582 0.0487463 0.0306667
1 0.142489 0.774091 0.0530214 0.0363375
1 0.0644662 0.670857 0.0339906 0.0243322
1 0.835358 0.404302 0.0258163 0.0191535
1 0.17014 0.748394 0.0640499 0.0453257
1 0.226977 0.528778 0.0473551 0.0313373
1 0.98449 0.716171 0.0309395 0.0645103
1 0.439047 0.781981 0.0382351 0.0352297
0 0.022953 0.613942 0.0358228 0.0317318
0 0.0212396 0.609505 0.0408096 0.0382702
1 0.184165 0.401194 0.0327961 0.0189989
1 0.846917 0.428384 0.0264969 0.0195396
1 0.0690826 0.473439 0.0397449 0.0282633
1 0.113868 0.449867 0.0307112 0.0220953
1 0.102639 0.633319 0.033656 0.0238695
1 0.227656 0.523495 0.0505277 0.0388206
1 0.179679 0.402374 0.0384367 0.0206882
1 0.180255 0.743651 0.0668399 0.0509094
1 0.113984 0.284802 0.0225619 0.018943
