1 0.214061 0.860832 0.0603272 0.0453533
1 0.259484 0.908194 0.0547114 0.0430906
1 0.515649 0.121437 0.0402591 0.0267821
0 0.5056 0.632622 0.0617071 0.0396453
1 0.974638 0.950875 0.0507248 0.0937754
0 0.475679 0.557811 0.0458302 0.0321413
0 0.346543 0.87699 0.0543815 0.0371738
1 0.395161 0.407056 0.0367015 0.0214581
1 0.441927 0.237078 0.0263879 0.016662
1 0.375612 0.832156 0.0475617 0.0347229
1 0.332602 0.468977 0.027185 0.0223218
1 0.380615 0.829162 0.0582274 0.0410881
1 0.570789 0.747697 0.041661 0.0309706
1 0.954507 0.978125 0.0902184 0.0437155
