1 0.532737 0.503171 0.0976156 0.0519405
1 0.660745 0.496906 0.0567398 0.0320633
1 0.332109 0.675193 0.0662304 0.0384657
0 0.411782 0.45035 0.0758289 0.0321928
1 0.231863 0.266833 0.0340892 0.0196373
0 0.699546 0.375257 0.100692 0.0551766
0 0.216349 0.334371 0.0968408 0.0527041
1 0.0277254 0.381552 0.0534486 0.0342051
1 0.0265152 0.38803 0.0501109 0.023087
1 0.40356 0.719261 0.0647621 0.0353237
0 0.113768 0.406691 0.0699891 0.0463057
0 0.878853 0.730366 0.0814171 0.0522023
0 0.0598261 0.477642 0.086779 0.0382257
1 0.657201 0.457085 0.0784154 0.0437017
1 0.107254 0.686746 0.0575624 0.0459091
