1 0.415626 0.893394 0.0775888 0.0404753
0 0.294434 0.679476 0.0749475 0.0533278
0 0.698882 0.527461 0.114322 0.0492326
1 0.621647 0.103583 0.0361174 0.0254122
0 0.773321 0.694093 0.0729914 0.0484179
1 0.543625 0.575692 0.0484402 0.0240638
1 0.630157 0.103156 0.0516588 0.0278823
1 0.324802 0.142521 0.0706288 0.0297787
1 0.179341 0.90595 0.0704321 0.0473337
0 0.284224 0.518565 0.0811275 0.0400934
0 0.544937 0.665751 0.100496 0.051091
1 0.420792 0.895661 0.0662639 0.0327118
0 0.269487 0.638927 0.0807278 0.0430843
0 0.603002 0.620259 0.0819164 0.0583294
0 0.29743 0.594558 0.044384 0.0299465
0 0.329689 0.258784 0.0239024 0.0220002
