1 0.592875 0.0959134 0.116966 0.0687227
1 0.694183 0.512374 0.068844 0.0355875
1 0.823717 0.84059 0.11701 0.0647007
1 0.324015 0.721231 0.115001 0.0769037
1 0.771958 0.383432 0.0681515 0.0336443
0 0.779355 0.131702 0.106211 0.0673629
1 0.665319 0.568156 0.0852562 0.0510324
1 0.355243 0.741406 0.0497633 0.0281616
1 0.447239 0.513232 0.111519 0.0470932
1 0.014458 0.174025 0.0286131 0.0344556
1 0.0155204 0.168721 0.0310408 0.0566198
1 0.348729 0.723948 0.0745228 0.0642364
1 0.255421 0.0962882 0.0656515 0.0385464
