0 0.557265 0.622092 0.122655 0.0740141
0 0.378533 0.666296 0.120612 0.0667929
0 0.524866 0.774041 0.116035 0.0656227
1 0.737452 0.823956 0.134824 0.073546
0 0.324385 0.454094 0.143179 0.0801355
0 0.718058 0.74878 0.101133 0.0610692
0 0.474707 0.517619 0.133204 0.0694902
0 0.620243 0.772256 0.0952734 0.0690426
0 0.598187 0.433503 0.1148 0.0669872
0 0.114946 0.823479 0.110697 0.0734417
0 0.414025 0.323543 0.126562 0.0658159
0 0.182411 0.775469 0.118693 0.0587541
0 0.290732 0.695124 0.0864193 0.0616865
0 0.962185 0.416615 0.0749161 0.0562395
2 0.957702 0.663986 0.0835259 0.0578597
0 0.462835 0.433298 0.116804 0.0731598
0 0.398291 0.810235 0.12658 0.0753185
0 0.126647 0.647627 0.131348 0.0756541
0 0.435432 0.604038 0.116988 0.063952
0 0.306053 0.382783 0.124831 0.0627913
1 0.964341 0.486616 0.0713184 0.0666193
1 0.160278 0.308126 0.102074 0.0584616
0 0.553195 0.707846 0.12006 0.0689848
1 0.288053 0.82632 0.0972322 0.0565445
1 0.393131 0.241057 0.122395 0.0855346
0 0.163387 0.71487 0.116592 0.0677797
0 0.402093 0.734241 0.128661 0.0668306
0 0.957974 0.663177 0.0840528 0.0562819
1 0.756337 0.237574 0.110157 0.0670153
2 0.954729 0.605846 0.0886938 0.0501785
0 0.356343 0.567562 0.102843 0.0604633
0 0.537456 0.375501 0.108451 0.0636809
0 0.293227 0.302874 0.112991 0.0872144
