1 0.644129 0.321461 0.0624403 0.0351264
1 0.45397 0.554836 0.072111 0.0346046
0 0.720963 0.948474 0.0973889 0.0673691
0 0.563113 0.447748 0.0941795 0.0427841
0 0.119691 0.805288 0.0978137 0.0556781
0 0.256798 0.912151 0.0798578 0.0460388
0 0.0567413 0.857258 0.0604031 0.0328846
1 0.59784 0.753036 0.0548342 0.032994
0 0.167484 0.758839 0.0651878 0.0476908
1 0.32917 0.271749 0.0191726 0.0121894
1 0.313209 0.445967 0.049639 0.0232117
0 0.69093 0.355065 0.0714905 0.0386235
0 0.528467 0.981421 0.0840641 0.0335699
