0 0.829004 0.413299 0.336383 0.213983
0 0.211804 0.668029 0.369629 0.228523
2 0.831905 0.41258 0.33619 0.214458
0 0.741667 0.72099 0.372198 0.219957
1 0.488964 0.44278 0.334156 0.151352
2 0.213825 0.669011 0.37584 0.230367
0 0.50611 0.591436 0.390463 0.214322
0 0.973662 0.269686 0.0525068 0.140686
2 0.742801 0.721191 0.375789 0.223963
0 0.467179 0.886997 0.392852 0.226005
1 0.560876 0.349851 0.193047 0.0978998
2 0.849466 0.874043 0.299527 0.247102
0 0.87903 0.620935 0.24194 0.215261
0 0.488521 0.445072 0.332742 0.152756
0 0.8525 0.874235 0.295 0.246527
0 0.24587 0.463691 0.174124 0.138313
1 0.108363 0.958102 0.157217 0.0837969
