0 0.889196 0.348643 0.0662113 0.110944
2 0.392009 0.742282 0.0618307 0.088253
0 0.296117 0.615302 0.0444818 0.0655222
0 0.391956 0.742682 0.0620533 0.087777
2 0.888649 0.348053 0.0666847 0.109858
0 0.342016 0.416203 0.0553847 0.0879577
0 0.296663 0.605277 0.0417806 0.0453932
0 0.873538 0.947579 0.0591021 0.0750309
0 0.379462 0.033192 0.0567717 0.066384
0 0.980579 0.696446 0.0388417 0.150927
0 0.393553 0.72317 0.0538219 0.0492441
0 0.30523 0.805516 0.048212 0.0372942
2 0.379681 0.0329956 0.0574732 0.0657683
0 0.0655142 0.867021 0.0286738 0.0307587
0 0.537034 0.601968 0.0489777 0.0570197
