0 0.268256 0.767746 0.0856291 0.048473
1 0.502386 0.387591 0.0712739 0.0344768
0 0.295722 0.134917 0.0402793 0.0200804
1 0.500525 0.525743 0.0775663 0.0399817
1 0.789014 0.366088 0.0483033 0.0281248
0 0.580193 0.422346 0.0788115 0.0349998
0 0.17786 0.774932 0.0890863 0.0420805
0 0.978278 0.936222 0.0376202 0.0322781
0 0.133296 0.072659 0.0322704 0.0164985
1 0.687853 0.9782 0.0314913 0.0362112
1 0.242294 0.521614 0.0462268 0.0260959
1 0.319876 0.503656 0.0407621 0.0208956
0 0.288365 0.75734 0.0494023 0.0294561
0 0.340485 0.525174 0.0849962 0.0497538
