1 0.596036 0.615677 0.108561 0.0664648
1 0.791463 0.922448 0.142801 0.093396
2 0.584352 0.5475 0.119051 0.0745436
1 0.141639 0.0948767 0.0263287 0.016321
0 0.713123 0.532026 0.112802 0.0841849
1 0.70991 0.619011 0.117488 0.0898161
1 0.134741 0.90215 0.0830286 0.0604752
1 0.930591 0.845378 0.102807 0.0933072
2 0.574655 0.457318 0.125275 0.0885862
0 0.575001 0.457111 0.127878 0.0891098
1 0.128017 0.915823 0.0612713 0.0341331
1 0.827184 0.796285 0.116534 0.0751513
0 0.77367 0.181766 0.0232641 0.017342
0 0.584455 0.546144 0.11942 0.0738865
