1 0.81469 0.786497 0.069138 0.040535
1 0.879789 0.804958 0.0847292 0.051206
1 0.616014 0.267651 0.087007 0.0547091
1 0.847863 0.742971 0.0606565 0.0401272
1 0.7824 0.719158 0.078342 0.0452344
1 0.487309 0.68841 0.0655648 0.0380606
1 0.955177 0.822804 0.0226862 0.0200638
1 0.759457 0.760015 0.0545334 0.033143
1 0.407801 0.785871 0.106824 0.0703247
1 0.409974 0.22088 0.123423 0.0768285
1 0.931715 0.586748 0.0286739 0.0170784
0 0.548633 0.500933 0.0649662 0.0355499
1 0.398907 0.78716 0.0839813 0.0608853
