1 0.512508 0.55987 0.0356449 0.0236027
0 0.404438 0.817512 0.0549765 0.0365807
0 0.354657 0.444405 0.0495872 0.0361767
1 0.466232 0.573184 0.0550919 0.0429426
1 0.57243 0.266568 0.0487604 0.0336539
1 0.47026 0.351332 0.0379455 0.0309421
0 0.378724 0.491684 0.0593243 0.0404272
1 0.480345 0.351324 0.0571403 0.0332235
0 0.603565 0.493783 0.0357513 0.0246572
1 0.361045 0.625852 0.0592303 0.0444321
1 0.410563 0.680964 0.0432403 0.0338045
1 0.492611 0.563685 0.0100175 0.0254351
2 0.404018 0.817154 0.055015 0.0367447
2 0.378095 0.491074 0.0603053 0.0410261
