1 0.666125 0.604373 0.0338514 0.0223989
1 0.0728525 0.588618 0.0367239 0.0240881
1 0.629018 0.619361 0.0406775 0.0346796
1 0.48867 0.26708 0.0301754 0.0247443
1 0.289866 0.391508 0.0251115 0.019954
1 0.619425 0.565843 0.036045 0.0283821
1 0.338341 0.335321 0.0489666 0.0316975
1 0.737994 0.780759 0.033321 0.0265345
1 0.592413 0.624603 0.046137 0.0373655
1 0.510733 0.304633 0.0264172 0.0236811
0 0.479011 0.728059 0.0649778 0.0398826
0 0.548622 0.619214 0.0363567 0.0361725
1 0.217498 0.255125 0.0266394 0.0210865
1 0.159633 0.723047 0.0293512 0.0172762
0 0.455971 0.395948 0.0297092 0.0223113
0 0.55632 0.61598 0.0524376 0.0432838
