1 0.782941 0.485659 0.069774 0.0452192
0 0.504917 0.403013 0.094393 0.0731368
1 0.354892 0.77476 0.0511301 0.0307564
0 0.272004 0.985832 0.0535415 0.0282045
0 0.176237 0.634287 0.0465821 0.026591
0 0.486613 0.667589 0.05393 0.0435382
1 0.401996 0.372948 0.0494932 0.044092
0 0.121062 0.713449 0.0276415 0.0187185
0 0.562464 0.441476 0.071413 0.0457108
1 0.267028 0.805226 0.025628 0.0251713
0 0.110557 0.446305 0.0466952 0.0522732
0 0.555095 0.644433 0.0379065 0.0520435
0 0.114085 0.795052 0.0388168 0.0255797
0 0.109746 0.432658 0.0427933 0.0267933
