1 0.64948 0.0652379 0.0717677 0.041448
1 0.893312 0.464602 0.0561775 0.0344681
1 0.702837 0.32038 0.0565374 0.041147
0 0.513306 0.558193 0.0757158 0.0366209
1 0.1367 0.343063 0.0698939 0.0477017
1 0.213264 0.303177 0.0698153 0.0375638
1 0.0780634 0.332648 0.0418566 0.0336871
1 0.876877 0.160203 0.0410522 0.0247513
1 0.193212 0.374143 0.053537 0.0228992
1 0.120109 0.351106 0.0375226 0.0292683
1 0.639524 0.213195 0.0583094 0.0433723
1 0.0159288 0.0788671 0.031406 0.0243582
1 0.910162 0.455786 0.0965387 0.0534125
1 0.901319 0.458593 0.0745924 0.0448973
1 0.831297 0.670202 0.07398 0.0525408
