1 0.746124 0.176396 0.0619164 0.0382951
0 0.354239 0.590546 0.0501366 0.0381562
1 0.0612011 0.690077 0.0490169 0.0346551
0 0.526428 0.51391 0.0513153 0.041321
0 0.692562 0.460001 0.0683323 0.0478619
1 0.741888 0.181238 0.0707356 0.0493919
1 0.505958 0.302209 0.0327158 0.026308
1 0.476008 0.539381 0.0495216 0.0385126
0 0.491174 0.608722 0.092579 0.0450829
2 0.49022 0.607606 0.0948112 0.0473843
1 0.249013 0.713088 0.0408685 0.0290134
1 0.250069 0.709885 0.0479557 0.0357815
0 0.716272 0.270472 0.0585095 0.0526143
0 0.444301 0.518771 0.0587799 0.0409948
