1 0.041565 0.688897 0.0404865 0.0297357
1 0.460968 0.492678 0.0479162 0.0386829
0 0.380648 0.414872 0.0342403 0.0214684
1 0.282714 0.6101 0.0369536 0.0272189
1 0.894473 0.315023 0.0219997 0.0166079
1 0.693835 0.744481 0.0334699 0.0241392
1 0.222265 0.65908 0.0373075 0.0244269
1 0.851139 0.286042 0.0196579 0.0159716
1 0.881461 0.562107 0.0224957 0.0146915
1 0.366411 0.453702 0.0631941 0.0421722
1 0.927568 0.363101 0.0248806 0.0179917
1 0.859588 0.566578 0.0186716 0.0144261
1 0.87609 0.563598 0.0309986 0.0164371
1 0.844119 0.208251 0.0188223 0.013741
1 0.875577 0.280808 0.0200687 0.01353
1 0.329428 0.314397 0.0227678 0.0173695
1 0.854802 0.20947 0.0340527 0.016785
0 0.796151 0.486222 0.0223778 0.0160452
