1 0.903329 0.381757 0.109483 0.059071
1 0.29833 0.461752 0.0972704 0.0490849
1 0.723232 0.504752 0.0872152 0.0531157
1 0.517174 0.369296 0.0811641 0.0495872
0 0.811235 0.370794 0.0868118 0.058717
0 0.688187 0.778386 0.0549955 0.0252035
1 0.506645 0.374988 0.0546789 0.0387008
0 0.552182 0.58967 0.0671761 0.045333
0 0.534165 0.470038 0.0933538 0.0456964
0 0.762576 0.61167 0.0982055 0.0440592
1 0.487773 0.311195 0.0771928 0.0563649
1 0.71704 0.68338 0.0795351 0.0470659
0 0.629893 0.573752 0.0700158 0.0397918
