1 0.569153 0.565327 0.0391587 0.0275798
1 0.309772 0.225104 0.0630201 0.047986
1 0.523658 0.581059 0.045752 0.0339855
1 0.363426 0.743779 0.0465232 0.0351838
1 0.368639 0.78268 0.044836 0.0286443
1 0.574022 0.859178 0.0466059 0.0304577
0 0.414887 0.283432 0.0647073 0.0407932
0 0.401781 0.417394 0.0557713 0.038223
2 0.414074 0.283632 0.0629209 0.0408963
1 0.541952 0.71434 0.0293015 0.0213311
1 0.381311 0.46388 0.05089 0.035747
2 0.400977 0.417808 0.055076 0.0379879
2 0.577005 0.930411 0.059581 0.0483273
1 0.511788 0.869435 0.0298564 0.0302002
1 0.230171 0.160242 0.0714993 0.0482829
0 0.57672 0.931005 0.0601076 0.0481325
