0 0.342547 0.469678 0.372058 0.201666
0 0.800211 0.349786 0.331417 0.187288
1 0.872124 0.63232 0.255752 0.178069
1 0.539139 0.961729 0.259926 0.0765424
1 0.689699 0.836206 0.230813 0.147115
0 0.871781 0.630781 0.254876 0.176769
0 0.620923 0.555854 0.278054 0.161859
0 0.266722 0.79848 0.212294 0.137904
1 0.400755 0.20669 0.330555 0.194631
2 0.266882 0.798446 0.211233 0.137784
2 0.805735 0.351228 0.32834 0.185726
0 0.881298 0.774896 0.195507 0.0998904
0 0.279296 0.649153 0.265973 0.14853
1 0.897683 0.91029 0.204633 0.178004
1 0.804129 0.348951 0.331101 0.190317
2 0.343192 0.467041 0.369003 0.204908
2 0.698597 0.192233 0.253738 0.163994
2 0.0859258 0.557967 0.171852 0.167418
0 0.40537 0.205763 0.334998 0.188415
0 0.0864957 0.559471 0.172991 0.171523
1 0.149007 0.139215 0.295734 0.172339
1 0.331558 0.0295081 0.163966 0.0590162
0 0.694986 0.194063 0.246874 0.158058
0 0.134013 0.322029 0.268027 0.200367
