1 0.799117 0.848592 0.0677263 0.038969
1 0.536956 0.274713 0.0581038 0.0359761
1 0.357484 0.737745 0.0476989 0.0280287
0 0.419505 0.495886 0.0588254 0.031794
1 0.872877 0.502052 0.0686954 0.03617
1 0.551011 0.699993 0.0573936 0.0282711
1 0.864428 0.581493 0.0566986 0.0344116
1 0.728726 0.839216 0.0678306 0.0384743
1 0.630619 0.240853 0.063736 0.0337831
1 0.79974 0.727076 0.0631403 0.0404428
1 0.613118 0.238653 0.0296698 0.0222135
1 0.1485 0.818774 0.06439 0.0359787
1 0.546418 0.617411 0.0297155 0.0183712
