1 0.157403 0.307503 0.0238828 0.0169803
1 0.128775 0.315064 0.0245792 0.0175919
1 0.610029 0.43736 0.0347445 0.0288481
1 0.685466 0.847914 0.0327717 0.0249681
1 0.652962 0.854136 0.0277787 0.0185345
1 0.679101 0.468661 0.0286079 0.0238608
1 0.488104 0.733129 0.0333569 0.0243677
1 0.603479 0.322266 0.0243374 0.0165234
1 0.631002 0.325888 0.0235277 0.0176325
1 0.661364 0.780874 0.031941 0.0155361
1 0.234106 0.634827 0.0282055 0.0186176
1 0.72765 0.530162 0.0332273 0.022882
1 0.534422 0.432717 0.035339 0.0233592
0 0.541453 0.744102 0.0256828 0.0197208
1 0.635717 0.569256 0.0283488 0.0157229
1 0.643828 0.425715 0.029854 0.0244298
1 0.654995 0.852904 0.0331003 0.0227688
1 0.646251 0.428647 0.0280466 0.0205597
1 0.80224 0.578803 0.0187946 0.0131848
1 0.103996 0.302077 0.0158107 0.0155056
1 0.675945 0.433042 0.0353477 0.0207218
1 0.229502 0.670361 0.0176018 0.0106608
1 0.614671 0.764679 0.0243095 0.0165588
1 0.126503 0.313364 0.0254245 0.0176947
1 0.320234 0.427271 0.0284847 0.0173071
