1 0.954596 0.778127 0.0901039 0.0630737
1 0.03326 0.342355 0.0639342 0.0330858
0 0.787493 0.631754 0.0760641 0.0474763
1 0.484216 0.43043 0.0456841 0.0233643
1 0.0110479 0.522335 0.0220421 0.0342193
1 0.592029 0.582735 0.0644716 0.0280676
1 0.0146424 0.343179 0.0292057 0.0281974
0 0.684219 0.310709 0.0359042 0.0174824
1 0.302095 0.316964 0.0260054 0.015625
0 0.8329 0.862711 0.0889648 0.0534431
0 0.830752 0.605912 0.0627302 0.0373229
0 0.495902 0.359839 0.0339958 0.0198659
1 0.150008 0.352912 0.0435286 0.0198791
