0 0.0509027 0.407097 0.0675016 0.0356903
0 0.703105 0.350595 0.0943121 0.0596173
0 0.46827 0.733435 0.0985254 0.0724674
2 0.516358 0.937899 0.0923436 0.0699701
0 0.51728 0.937698 0.093879 0.0694633
0 0.802845 0.277366 0.0997959 0.0736222
0 0.318506 0.033867 0.0867998 0.0677339
0 0.938368 0.748676 0.0809429 0.0507845
1 0.467657 0.287689 0.0615323 0.0421187
0 0.919452 0.750445 0.122278 0.0571793
0 0.485285 0.873276 0.14182 0.0634686
1 0.573431 0.0127439 0.0686148 0.0254878
2 0.317783 0.0338622 0.0870766 0.0676921
1 0.108805 0.402566 0.027428 0.0216339
0 0.859926 0.759021 0.0652233 0.055467
