1 0.496868 0.748213 0.0554469 0.0341064
0 0.458801 0.64654 0.0474276 0.0309664
1 0.557008 0.715689 0.0434115 0.0201712
0 0.318104 0.590232 0.0574385 0.0399881
1 0.820475 0.615085 0.0358582 0.0280903
1 0.93309 0.582443 0.0265907 0.0168344
1 0.554585 0.717461 0.0344042 0.0216324
1 0.139482 0.445803 0.0551698 0.0375611
1 0.144446 0.616462 0.0415159 0.027519
1 0.653281 0.397021 0.0279186 0.017076
1 0.60283 0.737669 0.0321846 0.0205589
1 0.457483 0.722242 0.0485386 0.0355065
1 0.530348 0.768424 0.0379616 0.0262779
1 0.758275 0.619234 0.0397059 0.0272255
