1 0.26012 0.788447 0.0454035 0.0266014
1 0.262034 0.819173 0.0306008 0.0217632
1 0.855207 0.580202 0.0287657 0.0190536
1 0.909205 0.708658 0.0535046 0.0289783
1 0.369939 0.756496 0.0276763 0.0171066
1 0.686531 0.464623 0.0254467 0.0160137
1 0.830153 0.586387 0.0243416 0.0161986
1 0.863722 0.670324 0.0509985 0.0250101
1 0.957288 0.598196 0.0283886 0.0193302
1 0.262599 0.817808 0.0388052 0.0249153
1 0.133048 0.735569 0.0364572 0.0250609
1 0.66889 0.612503 0.0324075 0.0165689
1 0.926276 0.592017 0.0354187 0.0196175
