1 0.26665 0.304872 0.0617261 0.0425636
1 0.212527 0.0705779 0.057746 0.0358001
1 0.886985 0.207706 0.0933884 0.0544116
1 0.573336 0.37384 0.0752644 0.0501795
1 0.196507 0.120382 0.0502538 0.0351013
1 0.341708 0.236113 0.0212471 0.0170666
1 0.280865 0.359326 0.0563179 0.0316725
1 0.749836 0.0718734 0.0346909 0.0218805
1 0.339454 0.340505 0.0234265 0.0195271
1 0.623036 0.188816 0.0266222 0.0213187
0 0.200213 0.978596 0.0708996 0.042808
1 0.7607 0.156988 0.041329 0.0370856
0 0.894167 0.462644 0.0750721 0.0410266
0 0.383791 0.985512 0.0656053 0.0288778
1 0.95949 0.446876 0.0401201 0.0245428
1 0.964621 0.446473 0.0509472 0.0278596
2 0.199897 0.978747 0.0704121 0.0425056
