1 0.314649 0.815762 0.126474 0.0983194
1 0.220675 0.861632 0.0698824 0.0442652
1 0.176197 0.582734 0.0998321 0.0699013
1 0.398672 0.820395 0.05517 0.0563829
1 0.236574 0.5043 0.085408 0.0622307
1 0.43347 0.706951 0.064567 0.0382969
1 0.172296 0.841082 0.0368817 0.0354427
1 0.106477 0.281596 0.0617197 0.0325254
1 0.749485 0.585619 0.0455511 0.0271557
1 0.832507 0.832657 0.0507868 0.0446875
1 0.754378 0.571875 0.0602474 0.0556107
1 0.97582 0.734965 0.0477711 0.0395578
1 0.119155 0.671053 0.0439095 0.0266154
1 0.458214 0.618316 0.043581 0.0482006
1 0.435279 0.77195 0.0525094 0.0467735
1 0.0220157 0.301072 0.0362662 0.0264393
1 0.931621 0.559667 0.0375441 0.0375404
1 0.831614 0.826345 0.0390888 0.0359341
1 0.17244 0.84113 0.044392 0.0547226
1 0.430399 0.76696 0.0613598 0.057206
1 0.114978 0.662087 0.0590447 0.0510046
