0 0.429631 0.400338 0.0617538 0.0331207
1 0.737106 0.195425 0.0603765 0.0336232
0 0.776773 0.477015 0.0823545 0.0467395
1 0.736043 0.0189059 0.0691658 0.0358415
1 0.686524 0.313954 0.0726591 0.041164
1 0.680209 0.183933 0.0636746 0.0339873
1 0.753635 0.295251 0.0899907 0.044694
1 0.201641 0.473727 0.0585409 0.0277752
0 0.706735 0.459615 0.0597311 0.0386274
1 0.402664 0.581017 0.0462351 0.0283718
0 0.415869 0.470324 0.0693846 0.0317543
0 0.0876305 0.322618 0.0552436 0.0249842
0 0.0964726 0.0370348 0.0153726 0.0209345
1 0.12373 0.43244 0.0561647 0.031115
0 0.400296 0.469121 0.106172 0.0376598
