0 0.533132 0.56597 0.05821 0.0447048
1 0.33526 0.654343 0.0502875 0.0393008
0 0.199791 0.70389 0.0504159 0.0390441
1 0.337232 0.415367 0.0386077 0.0285038
0 0.304445 0.634771 0.0569269 0.0413713
0 0.377103 0.621764 0.0491462 0.0395554
1 0.100148 0.83817 0.0499584 0.0344502
1 0.573801 0.325294 0.0297106 0.02761
0 0.350402 0.715309 0.0894978 0.0480404
1 0.230605 0.756114 0.0560534 0.028124
2 0.532747 0.566077 0.0577249 0.0443472
0 0.550126 0.409733 0.0448858 0.0465606
1 0.261952 0.593883 0.0229733 0.0164227
1 0.561557 0.325589 0.0523574 0.0375239
