1 0.97597 0.360928 0.0480601 0.0376838
1 0.415258 0.0483118 0.0559277 0.0313273
1 0.602143 0.535597 0.101283 0.0527707
1 0.351385 0.250566 0.0648496 0.0409364
1 0.576485 0.357071 0.0463594 0.0373936
0 0.541732 0.842156 0.0713314 0.053653
0 0.160748 0.360079 0.0807275 0.0457085
1 0.518662 0.533411 0.0564579 0.0395962
1 0.0262342 0.206983 0.0500183 0.0300428
1 0.482497 0.171096 0.0361882 0.0223931
0 0.671721 0.809786 0.0598494 0.047884
1 0.577372 0.364581 0.0343921 0.0230704
0 0.748285 0.793614 0.0688581 0.0466005
0 0.631887 0.948145 0.0848389 0.069278
