1 0.395865 0.26004 0.0362035 0.0187937
0 0.36704 0.20971 0.0365164 0.0195415
1 0.442873 0.249046 0.0406331 0.0279967
0 0.878216 0.851283 0.0489975 0.0310604
1 0.664962 0.478669 0.0260551 0.020442
0 0.832801 0.657392 0.0396328 0.025922
1 0.208022 0.318738 0.0219527 0.0138318
0 0.768591 0.709547 0.0427739 0.0270168
0 0.0165594 0.77409 0.0328729 0.0282557
1 0.834341 0.736758 0.0375469 0.0262716
0 0.908733 0.912091 0.0283863 0.0252583
0 0.469538 0.27856 0.0308731 0.0176648
1 0.489602 0.380585 0.0173538 0.014135
1 0.179173 0.509965 0.0319335 0.0157066
1 0.3707 0.842916 0.0304871 0.0168058
0 0.471681 0.203907 0.0337881 0.0195656
0 0.0852109 0.937946 0.0436304 0.0269566
0 0.365336 0.545391 0.0471193 0.0264823
