1 0.594502 0.637075 0.156103 0.112854
1 0.2714 0.705313 0.0975568 0.0747458
1 0.489033 0.566383 0.0969939 0.0769262
1 0.964767 0.559794 0.0665619 0.0474554
1 0.435922 0.666021 0.115656 0.0828738
1 0.157833 0.246125 0.0628098 0.0370835
1 0.157854 0.425659 0.0475709 0.0343582
1 0.983215 0.157022 0.0333931 0.0615939
1 0.278014 0.355857 0.0877781 0.0529188
1 0.341509 0.681525 0.0897428 0.0731741
1 0.938753 0.61276 0.0732147 0.0499067
1 0.364522 0.332809 0.0435643 0.0276188
1 0.289824 0.355961 0.063132 0.0487426
1 0.0205177 0.249883 0.0407991 0.0467369
1 0.686634 0.730808 0.0431638 0.0305643
1 0.908256 0.195997 0.0631947 0.0414973
