1 0.707238 0.223052 0.100721 0.0539284
1 0.0150027 0.124815 0.0279773 0.0210385
1 0.115045 0.167423 0.0442536 0.027207
1 0.743313 0.765269 0.132112 0.0610476
0 0.500899 0.272336 0.0773665 0.0325416
0 0.655836 0.728207 0.103118 0.0634295
0 0.860606 0.518156 0.0998939 0.0606289
0 0.78758 0.67723 0.112588 0.081893
1 0.355762 0.539883 0.1202 0.0761457
1 0.619474 0.207297 0.0493219 0.0294096
0 0.828972 0.445989 0.133448 0.0683781
1 0.201774 0.449865 0.0796867 0.0382668
0 0.537843 0.429837 0.111073 0.083749
1 0.714909 0.288429 0.0547561 0.0389378
0 0.542597 0.437335 0.100295 0.060269
