1 0.30869 0.637932 0.126175 0.0671433
0 0.49852 0.691744 0.132682 0.0634758
1 0.149382 0.457112 0.106768 0.0547084
1 0.435005 0.936866 0.12975 0.0830177
1 0.060422 0.499355 0.0880525 0.0345151
0 0.274259 0.406522 0.0733055 0.0629092
0 0.534633 0.465085 0.0328744 0.0273024
1 0.427918 0.397937 0.0505346 0.0282384
1 0.0324465 0.41757 0.0614659 0.0406283
0 0.484653 0.275655 0.113669 0.0803786
0 0.177395 0.694942 0.0984614 0.0519005
0 0.190064 0.698277 0.0728504 0.0436432
0 0.90251 0.525011 0.101925 0.0491245
0 0.370827 0.593862 0.117722 0.057869
1 0.406435 0.93995 0.185631 0.0927191
