1 0.452718 0.551474 0.201755 0.105375
1 0.830917 0.751376 0.213391 0.126237
1 0.303169 0.942269 0.127671 0.0801804
1 0.321341 0.500314 0.121679 0.0924896
1 0.295116 0.490275 0.175821 0.111826
0 0.631369 0.887912 0.141086 0.0573095
0 0.453372 0.967595 0.234729 0.0648098
0 0.287549 0.862372 0.181286 0.115387
1 0.548561 0.495242 0.130792 0.119896
0 0.556476 0.623798 0.0760384 0.0440313
0 0.61982 0.860052 0.167905 0.111703
0 0.961877 0.982583 0.0762458 0.0348333
1 0.52623 0.539824 0.0650584 0.0580214
