1 0.456706 0.884651 0.31261 0.21989
0 0.209738 0.790956 0.401347 0.234301
2 0.205369 0.789674 0.39803 0.231517
1 0.877609 0.192667 0.244781 0.202262
1 0.206851 0.787984 0.39694 0.229019
1 0.24844 0.410498 0.398302 0.223245
0 0.688517 0.384098 0.407515 0.226704
0 0.866723 0.603395 0.265153 0.214054
1 0.867581 0.836656 0.264839 0.216423
2 0.0728863 0.934923 0.145773 0.130153
1 0.690918 0.382495 0.408837 0.227194
1 0.42288 0.0762186 0.308929 0.152437
1 0.796068 0.111816 0.238097 0.126106
0 0.203518 0.626942 0.172341 0.0993744
2 0.957193 0.372917 0.0850281 0.144558
0 0.247006 0.411467 0.404588 0.227114
0 0.0727823 0.93507 0.145565 0.12986
1 0.221966 0.184099 0.340233 0.202122
0 0.957833 0.37266 0.0843344 0.146779
0 0.253778 0.956029 0.229281 0.0879427
1 0.866391 0.604557 0.267218 0.215103
1 0.628682 0.231953 0.264567 0.142357
0 0.795652 0.112233 0.235725 0.130476
0 0.455525 0.883877 0.311768 0.218168
2 0.801329 0.110066 0.24216 0.129157
2 0.500651 0.598316 0.438646 0.23943
0 0.866192 0.83704 0.267617 0.219095
0 0.56818 0.973713 0.163516 0.0525742
