2 0.40717 0.719312 0.132191 0.106836
0 0.651928 0.790934 0.0499146 0.0354095
0 0.699001 0.771086 0.0501822 0.0357938
0 0.636174 0.617498 0.0616902 0.0383442
0 0.342892 0.230709 0.117833 0.0756681
1 0.509718 0.774644 0.0382832 0.02721
0 0.645673 0.701615 0.0503155 0.0376455
0 0.718036 0.272251 0.0602565 0.0372968
0 0.406298 0.719736 0.131008 0.10733
1 0.860271 0.922934 0.0453588 0.0276627
0 0.366789 0.83256 0.128634 0.0820414
0 0.987865 0.632823 0.0240288 0.0310629
2 0.646701 0.701229 0.0518606 0.0357036
