1 0.0723816 0.605249 0.127845 0.0729089
1 0.717834 0.217465 0.0680914 0.0395565
1 0.0314639 0.0982937 0.0629277 0.0674321
1 0.276592 0.72814 0.0969291 0.0524164
0 0.953112 0.150699 0.0937751 0.0476922
1 0.680735 0.129986 0.0528942 0.0492145
1 0.0246209 0.101755 0.0490929 0.0578226
0 0.577823 0.500413 0.114336 0.0531487
1 0.32194 0.76471 0.0727731 0.0530777
0 0.486416 0.609954 0.114829 0.0533851
0 0.0976069 0.732563 0.0434012 0.0259108
1 0.67788 0.138494 0.0470369 0.0296623
1 0.608318 0.142283 0.0445137 0.0291973
