1 0.958692 0.890327 0.0653261 0.0449276
1 0.525581 0.966983 0.121415 0.0660331
1 0.325457 0.358128 0.0545893 0.0278693
1 0.973843 0.755538 0.0521055 0.0444509
0 0.569638 0.483348 0.0628332 0.0462076
1 0.479978 0.501244 0.0817759 0.0453493
1 0.726202 0.985916 0.0504822 0.0278362
0 0.585601 0.428398 0.0873523 0.047019
1 0.488703 0.446295 0.0819777 0.0468771
1 0.970345 0.745872 0.0591759 0.0630585
1 0.874927 0.683075 0.0525455 0.0215027
1 0.720758 0.584357 0.0682356 0.0359463
0 0.108304 0.521288 0.0774264 0.0385252
2 0.584 0.428315 0.0891827 0.0450814
1 0.275981 0.560142 0.0644226 0.0309223
1 0.260806 0.563807 0.0354577 0.0250099
0 0.125138 0.51921 0.112197 0.0416536
1 0.838135 0.736814 0.0488611 0.0199365
0 0.456321 0.420834 0.0581347 0.0266256
1 0.638221 0.520765 0.0588512 0.0333525
0 0.445797 0.421599 0.0384781 0.0267262
