0 0.949926 0.676039 0.099715 0.0599934
0 0.449415 0.451687 0.0940504 0.0444193
0 0.663618 0.650966 0.11651 0.0576035
0 0.871622 0.488181 0.143087 0.0643312
0 0.287008 0.155355 0.0498923 0.0364415
0 0.30882 0.485191 0.0970967 0.0473753
0 0.30787 0.622951 0.0905084 0.0503092
0 0.925039 0.57459 0.111899 0.0621595
0 0.340723 0.56363 0.073705 0.0465301
0 0.728616 0.593255 0.10486 0.0694627
0 0.0386964 0.395703 0.0773928 0.0578569
1 0.245143 0.915504 0.087171 0.0535139
0 0.433219 0.456253 0.0595539 0.032457
0 0.340415 0.658535 0.107982 0.0745916
