0 0.548701 0.468291 0.0764265 0.0644684
0 0.209149 0.440121 0.199335 0.12227
0 0.316534 0.342649 0.173241 0.123763
0 0.273224 0.676593 0.110886 0.0803486
0 0.791587 0.909182 0.132538 0.0859409
0 0.462937 0.835347 0.134227 0.0953026
1 0.630505 0.816363 0.0777029 0.0595153
2 0.468426 0.372503 0.10537 0.100569
2 0.791781 0.909963 0.132245 0.0868322
0 0.386397 0.0290606 0.161231 0.0581212
0 0.30147 0.764068 0.0916259 0.0931555
0 0.803513 0.727136 0.0975346 0.0789016
0 0.715677 0.969296 0.0659597 0.0473206
2 0.314774 0.342092 0.175155 0.123105
0 0.667344 0.90027 0.1134 0.0900875
2 0.207502 0.440998 0.197985 0.119607
0 0.46812 0.372171 0.107842 0.100587
0 0.775519 0.676331 0.116253 0.0712875
2 0.72635 0.820356 0.106932 0.0792976
2 0.566862 0.360659 0.0962486 0.0641585
2 0.803549 0.727393 0.0966463 0.0799858
0 0.566851 0.360731 0.0958345 0.065321
2 0.389534 0.766109 0.0950852 0.0742101
0 0.389491 0.766089 0.0957714 0.0758644
0 0.136181 0.620064 0.0599273 0.0503681
0 0.472758 0.454261 0.0660357 0.0509863
2 0.715926 0.969466 0.0659586 0.0479416
