1 0.144015 0.180865 0.0595479 0.0320026
1 0.0623641 0.214989 0.0670837 0.0334957
1 0.0624327 0.750169 0.0763555 0.036887
1 0.668365 0.366273 0.0346128 0.0194805
0 0.394689 0.392135 0.0658772 0.0307977
1 0.703523 0.375067 0.0249929 0.0197985
1 0.925568 0.221877 0.0318066 0.0144706
1 0.258419 0.303908 0.0532738 0.0261475
1 0.747557 0.327265 0.031682 0.0192739
1 0.861817 0.482953 0.036607 0.0243149
0 0.711769 0.465711 0.0618212 0.0285817
0 0.126912 0.371959 0.0797914 0.0510113
1 0.332519 0.770456 0.0437688 0.0265695
1 0.346644 0.805434 0.0381343 0.0246061
0 0.314088 0.552217 0.02856 0.019924
0 0.0248386 0.35413 0.0496773 0.0391006
1 0.276751 0.421214 0.0682306 0.0320839
0 0.258863 0.540883 0.0782257 0.0363127
0 0.961039 0.699233 0.0234926 0.0173351
