0 0.451573 0.350677 0.0746513 0.0444991
1 0.180102 0.230346 0.0868424 0.0593551
0 0.745799 0.875088 0.110727 0.0705017
0 0.480397 0.418367 0.0894615 0.0429143
0 0.201131 0.311567 0.0931921 0.0422826
1 0.429221 0.392505 0.0461079 0.026675
1 0.595056 0.231805 0.0529498 0.0313978
0 0.601227 0.910006 0.104579 0.0604687
0 0.574525 0.332267 0.125087 0.0691745
1 0.432758 0.978934 0.0560453 0.0407913
1 0.102117 0.191451 0.0598398 0.0263759
2 0.450789 0.349581 0.0755468 0.0428187
2 0.478666 0.41649 0.0931356 0.046319
