1 0.782472 0.389021 0.0695986 0.0459789
1 0.86964 0.487261 0.0555738 0.0217134
1 0.138317 0.30574 0.0754776 0.0380909
1 0.333779 0.662336 0.0766065 0.0429598
1 0.563323 0.0303686 0.0621055 0.0345494
1 0.415604 0.643094 0.0811722 0.0463362
1 0.0608413 0.828653 0.0721738 0.0440388
1 0.789679 0.487023 0.0519067 0.0280985
1 0.870351 0.428196 0.0582129 0.0312372
0 0.500317 0.61806 0.0616213 0.0373444
1 0.445926 0.036965 0.0494279 0.048447
1 0.785471 0.485843 0.0414567 0.0246164
1 0.850842 0.0301568 0.0382126 0.0207696
1 0.212051 0.825592 0.0607942 0.0490746
