1 0.52643 0.643488 0.0343163 0.0212982
1 0.974881 0.383279 0.0412022 0.0223249
1 0.573595 0.553924 0.037215 0.0220129
1 0.148077 0.241836 0.0263222 0.0181264
0 0.369787 0.418637 0.0323612 0.0217178
0 0.319068 0.976057 0.0291878 0.0190022
1 0.0233591 0.492005 0.0255813 0.0178853
1 0.0170807 0.179027 0.0215529 0.0168108
0 0.362755 0.554983 0.0443552 0.0295979
1 0.111455 0.171802 0.0243858 0.0176775
1 0.0182108 0.483792 0.0309485 0.0250315
1 0.0272347 0.493111 0.0193782 0.0154813
0 0.515375 0.432484 0.0200788 0.0249229
1 0.541288 0.608976 0.0256248 0.0186314
