0 0.492211 0.74471 0.0840755 0.0552581
0 0.240896 0.144034 0.0483534 0.04255
0 0.14538 0.406977 0.0507546 0.0361817
2 0.682973 0.604186 0.111754 0.104085
0 0.0308119 0.328438 0.0203156 0.0182906
0 0.439311 0.687079 0.0860646 0.0666763
0 0.0901204 0.503861 0.0288052 0.0183563
1 0.128928 0.490959 0.0474369 0.0323376
0 0.681195 0.604574 0.109847 0.0978466
0 0.259213 0.245691 0.044336 0.0366564
0 0.148036 0.421773 0.0560673 0.0682673
0 0.0680614 0.486819 0.0268391 0.0186964
0 0.0785054 0.344678 0.0345555 0.0208567
0 0.128229 0.322134 0.0627154 0.0579734
2 0.492332 0.744525 0.084403 0.0558426
0 0.0867797 0.494798 0.0233527 0.0201237
