1 0.355311 0.734707 0.079556 0.056743
0 0.16989 0.598029 0.125776 0.0668104
1 0.972025 0.548323 0.0467735 0.0298368
1 0.447523 0.771357 0.0665495 0.046246
1 0.620913 0.609297 0.0534216 0.0406298
0 0.694351 0.455884 0.0474792 0.0441603
1 0.588331 0.0616877 0.0493187 0.0348758
1 0.738675 0.678925 0.026011 0.023562
1 0.419083 0.714733 0.0666203 0.0447565
1 0.578855 0.460825 0.0260487 0.0203831
0 0.424917 0.452475 0.0849606 0.0377134
1 0.65281 0.443495 0.0505104 0.0342842
0 0.401847 0.457956 0.0378998 0.0277565
