0 0.347364 0.624238 0.0387665 0.0259722
0 0.129975 0.828134 0.0367566 0.0264324
0 0.496624 0.463705 0.0322891 0.0222263
0 0.573093 0.292566 0.0336248 0.0226368
0 0.241041 0.705076 0.0460744 0.0303164
0 0.436557 0.654216 0.0330704 0.0222418
1 0.397697 0.597226 0.0294703 0.0189729
0 0.606079 0.381062 0.0294836 0.0174081
0 0.0954251 0.870018 0.0352036 0.0291611
0 0.301456 0.578793 0.0408837 0.0271762
0 0.417124 0.533042 0.0337277 0.0204703
0 0.108183 0.327885 0.031229 0.0182093
0 0.531094 0.495186 0.0237737 0.0187799
0 0.348658 0.45426 0.0244332 0.0216377
0 0.0150686 0.921968 0.0298987 0.0218233
0 0.478934 0.282487 0.0246696 0.0184566
0 0.295296 0.759883 0.020914 0.0208029
