1 0.723569 0.144054 0.104055 0.0646151
0 0.157878 0.50857 0.149727 0.0690769
1 0.71406 0.468599 0.0985636 0.0525848
1 0.347395 0.604673 0.126716 0.067412
0 0.16005 0.481617 0.15395 0.119484
0 0.0484907 0.603636 0.0752558 0.0516077
0 0.480538 0.666079 0.0762645 0.0509385
0 0.522242 0.718694 0.0763931 0.0368088
0 0.0230416 0.527038 0.0460832 0.0617973
0 0.197367 0.615121 0.0704512 0.0704031
1 0.178937 0.45444 0.109806 0.0667503
0 0.0998514 0.676291 0.0733472 0.0402775
1 0.0334436 0.66864 0.0668871 0.0728857
1 0.427849 0.315604 0.0757505 0.0493609
0 0.478011 0.544201 0.0625133 0.0331371
