0 0.249146 0.299961 0.114686 0.0672915
0 0.176255 0.695803 0.089513 0.0523828
0 0.108715 0.198767 0.0914004 0.0549119
0 0.60673 0.351203 0.104119 0.0586656
0 0.684706 0.399111 0.109926 0.0604024
0 0.473558 0.798697 0.102212 0.0586159
0 0.304325 0.205059 0.0966918 0.0607588
0 0.817627 0.367701 0.0997562 0.0561839
0 0.718732 0.324664 0.0960665 0.0606536
0 0.569504 0.22644 0.0864958 0.0634676
2 0.10797 0.198864 0.0924911 0.0527108
0 0.64721 0.874044 0.0991979 0.0568911
0 0.318002 0.816579 0.098738 0.0556869
0 0.80365 0.811328 0.106807 0.0617034
1 0.299414 0.420071 0.0967688 0.0688164
1 0.199748 0.496181 0.0771023 0.0423914
0 0.757985 0.611162 0.0989642 0.0601162
0 0.240913 0.739406 0.0972385 0.0562088
0 0.625486 0.291757 0.0990028 0.0498562
0 0.217245 0.847905 0.11187 0.0820671
1 0.421268 0.397044 0.0708778 0.03967
1 0.526671 0.622711 0.0748621 0.0515042
0 0.680724 0.684726 0.0941868 0.0557629
2 0.474666 0.226978 0.0865341 0.0566043
2 0.80473 0.810962 0.107644 0.0623989
0 0.10943 0.652147 0.0929437 0.061913
2 0.452453 0.290089 0.0939289 0.0550159
2 0.30442 0.20478 0.0959203 0.0612904
0 0.302384 0.526852 0.094827 0.0470326
2 0.117861 0.257574 0.0864002 0.0536333
0 0.147584 0.573801 0.121493 0.071697
