1 0.384849 0.275485 0.0658669 0.0383028
1 0.346874 0.382951 0.0494341 0.0288176
1 0.499032 0.486363 0.103561 0.0605072
1 0.605083 0.512375 0.0921505 0.0520681
1 0.307336 0.300585 0.0665494 0.0477277
1 0.396001 0.413319 0.062599 0.0347343
1 0.169018 0.14099 0.0466097 0.0293216
1 0.352178 0.385311 0.0427601 0.0266699
1 0.0640055 0.518884 0.126139 0.0729839
1 0.163977 0.400602 0.0359228 0.0188215
1 0.200872 0.43629 0.0504291 0.0274498
1 0.0947549 0.0802535 0.0493577 0.0314393
1 0.43828 0.14014 0.0393471 0.0248807
1 0.53973 0.555116 0.0348938 0.0194992
