0 0.503267 0.444492 0.0541402 0.0341594
1 0.243695 0.91685 0.0755294 0.0593864
0 0.536183 0.986307 0.0262215 0.026778
0 0.334318 0.603887 0.0928356 0.0634578
0 0.294574 0.746835 0.0742129 0.0587318
0 0.461844 0.985897 0.0562307 0.0280102
0 0.776368 0.635113 0.0222158 0.0290859
1 0.600685 0.640176 0.0367289 0.0252548
0 0.406171 0.598677 0.0516722 0.0627232
0 0.697695 0.761079 0.0238447 0.0185492
1 0.76218 0.578893 0.0282496 0.0253834
1 0.577304 0.379883 0.0322329 0.0240845
2 0.333993 0.60312 0.0928115 0.0649706
0 0.767174 0.694502 0.0390949 0.0300007
1 0.762124 0.5818 0.0361197 0.0265614
