1 0.481895 0.618443 0.0937221 0.0553955
1 0.639142 0.616849 0.0731581 0.0402895
1 0.523636 0.581823 0.0677413 0.0402248
1 0.71629 0.615425 0.0736667 0.0416435
1 0.96876 0.253108 0.0602386 0.035053
1 0.0508731 0.041353 0.101746 0.0809687
1 0.619512 0.537299 0.0563047 0.0395895
1 0.984891 0.671355 0.0301266 0.0380207
1 0.785407 0.0436071 0.0592911 0.0442863
1 0.977215 0.017511 0.0445866 0.035022
1 0.978051 0.178403 0.0385635 0.0287089
1 0.975821 0.00646734 0.0458084 0.0127772
1 0.496585 0.255988 0.0543478 0.0424472
