1 0.907973 0.430861 0.0959141 0.0542351
1 0.205232 0.330594 0.0930712 0.0600322
1 0.234617 0.0874257 0.0910697 0.0470999
1 0.16268 0.0574013 0.0642718 0.0308176
1 0.325789 0.106823 0.0611727 0.0357259
1 0.396988 0.0913164 0.0542338 0.0321514
1 0.261785 0.50939 0.123581 0.0645241
1 0.368222 0.528602 0.0432147 0.0363536
1 0.415642 0.498101 0.065922 0.0531292
1 0.301077 0.289938 0.0719025 0.0473201
1 0.640745 0.414036 0.0674482 0.0487242
1 0.355987 0.52788 0.0690845 0.0387644
1 0.409126 0.514519 0.0424601 0.0228489
1 0.142191 0.385684 0.039397 0.0217397
