1 0.927115 0.965791 0.145771 0.0684183
1 0.641484 0.26512 0.0946737 0.0740091
1 0.0246517 0.26116 0.0489416 0.0335817
1 0.143476 0.954246 0.138869 0.088863
1 0.0538167 0.394023 0.069964 0.0364255
1 0.225834 0.484693 0.070728 0.0256157
1 0.832407 0.652941 0.0813374 0.0595526
1 0.63298 0.61133 0.0739902 0.0469469
1 0.738632 0.616111 0.0976732 0.0464815
1 0.949436 0.968944 0.101127 0.0597319
1 0.979748 0.0555694 0.0400803 0.0655611
1 0.330799 0.53103 0.108833 0.0455079
0 0.270738 0.424264 0.0419728 0.0231459
1 0.532276 0.272248 0.040402 0.0255476
0 0.125652 0.605215 0.0644779 0.0440674
1 0.00942367 0.314142 0.018484 0.0335328
1 0.175442 0.381564 0.0524879 0.0363603
1 0.595955 0.104915 0.0382595 0.0228903
