1 0.723666 0.0267143 0.141032 0.0534285
0 0.4455 0.647142 0.106536 0.0592499
1 0.617932 0.825228 0.0830124 0.0521644
0 0.466069 0.530231 0.114049 0.0695066
1 0.857188 0.0185507 0.112268 0.0368662
0 0.925677 0.463484 0.146182 0.0679795
1 0.502884 0.802251 0.13559 0.0801516
1 0.0559798 0.0298869 0.109083 0.0592263
1 0.270692 0.628277 0.0647826 0.0506771
0 0.325326 0.673063 0.0764414 0.0568096
1 0.275789 0.62247 0.0845995 0.0601988
1 0.51275 0.356442 0.0879181 0.050252
1 0.407183 0.741262 0.0929931 0.0602247
1 0.0620576 0.776183 0.124115 0.144378
1 0.704671 0.727208 0.103259 0.0616446
