1 0.187895 0.705911 0.0787092 0.0465765
0 0.821983 0.389187 0.0622425 0.0338331
1 0.51119 0.0896258 0.0681192 0.0350207
1 0.547974 0.605149 0.0606087 0.0345567
0 0.33323 0.716233 0.0944922 0.0539549
0 0.623654 0.506425 0.0397412 0.0299215
1 0.823202 0.809954 0.0523331 0.0265343
0 0.617921 0.504472 0.0486733 0.03428
1 0.476704 0.589399 0.0873009 0.0538481
0 0.614367 0.346746 0.0840831 0.0447174
1 0.371363 0.289126 0.0515547 0.0257223
1 0.37494 0.901073 0.0671967 0.0434559
1 0.365071 0.344014 0.0610964 0.0232433
1 0.379641 0.283312 0.0711994 0.0412663
