1 0.384886 0.490053 0.0882154 0.0430531
1 0.609633 0.364115 0.0699127 0.0339519
1 0.39676 0.278324 0.0829242 0.0439016
1 0.435806 0.627695 0.0749197 0.0420999
0 0.0960667 0.561867 0.0362779 0.0209284
0 0.68778 0.827597 0.0743885 0.0375967
1 0.426545 0.152899 0.0642909 0.0371417
0 0.462587 0.56502 0.100943 0.0518781
1 0.459344 0.485988 0.0455822 0.0316771
0 0.68446 0.825467 0.0777939 0.0519981
0 0.229474 0.833927 0.0590436 0.0370905
1 0.353622 0.152586 0.0294695 0.0207918
0 0.212024 0.831213 0.0909519 0.0456375
1 0.383756 0.481787 0.0910089 0.0556591
0 0.0883311 0.55951 0.0498155 0.02316
0 0.492276 0.523447 0.0703387 0.0385046
