1 0.0403804 0.0234458 0.0789885 0.0464226
1 0.543445 0.156994 0.068957 0.0339363
0 0.330063 0.553339 0.0632433 0.0408081
1 0.366681 0.816317 0.0716917 0.0428896
1 0.623676 0.122107 0.0551074 0.0316552
0 0.571018 0.317927 0.0900497 0.0529441
1 0.49012 0.671175 0.0689343 0.0341866
1 0.280803 0.895634 0.0730075 0.0436035
1 0.143901 0.0206622 0.0605 0.0337891
1 0.754682 0.70307 0.0440969 0.0263271
0 0.317362 0.845866 0.0665215 0.0458057
0 0.359522 0.0649162 0.0546123 0.0256259
1 0.671092 0.251814 0.0522315 0.0265427
0 0.646408 0.483953 0.082313 0.0386118
1 0.1299 0.100359 0.0499975 0.0373475
1 0.764653 0.737443 0.0382454 0.0249954
0 0.363964 0.874214 0.0749893 0.0418083
0 0.583463 0.3103 0.0630091 0.0383565
1 0.123125 0.0974917 0.0657448 0.0448097
0 0.370272 0.0657364 0.0331271 0.022341
0 0.282848 0.688402 0.0740026 0.0338892
0 0.483684 0.297927 0.051251 0.0376219
