1 0.726406 0.154901 0.022127 0.018516
1 0.493515 0.36964 0.0257661 0.0209386
1 0.177292 0.718132 0.048404 0.0228628
0 0.747351 0.804423 0.046705 0.039888
1 0.2216 0.150543 0.0381186 0.0202251
0 0.18993 0.0984513 0.0365024 0.0187326
1 0.0128374 0.416063 0.0252658 0.0196278
1 0.270664 0.134001 0.0402351 0.0229424
0 0.30587 0.171392 0.0238267 0.0136942
1 0.765133 0.163536 0.0220631 0.0153585
0 0.725995 0.739816 0.0479364 0.0324581
1 0.0297999 0.216116 0.0265659 0.0132275
0 0.677879 0.549606 0.0294994 0.0193264
0 0.492246 0.254438 0.0345161 0.0216858
