1 0.558511 0.097041 0.0590025 0.0519475
1 0.60751 0.0979394 0.045993 0.0440983
1 0.240611 0.627674 0.0546636 0.0372857
1 0.73708 0.401557 0.111807 0.0871206
1 0.277108 0.755385 0.0555078 0.0356347
1 0.727696 0.700558 0.124023 0.0747608
1 0.308093 0.547789 0.0625959 0.0442153
1 0.653278 0.425955 0.0679134 0.0677067
1 0.335306 0.719165 0.0613969 0.0467487
1 0.572709 0.654752 0.0552042 0.0354595
1 0.276676 0.659339 0.0660438 0.030419
1 0.67274 0.081604 0.0785762 0.0398313
1 0.52856 0.80534 0.0708132 0.0591469
1 0.481418 0.65029 0.123125 0.0868935
2 0.481266 0.65031 0.122344 0.0872353
