1 0.33094 0.12467 0.0749983 0.0405923
1 0.977901 0.251318 0.0434652 0.0299504
1 0.97481 0.62881 0.0501762 0.0668457
1 0.378176 0.48351 0.068958 0.0455582
1 0.322269 0.126394 0.0567032 0.0383468
1 0.508198 0.502809 0.126137 0.050922
1 0.0527989 0.451795 0.0833512 0.0497108
1 0.236997 0.114348 0.108935 0.0568131
1 0.366398 0.490258 0.0924424 0.0592994
1 0.911202 0.226717 0.0720167 0.0496148
0 0.641753 0.515574 0.115351 0.0790508
0 0.425915 0.557828 0.105915 0.0685739
1 0.362393 0.498936 0.101601 0.0776085
