1 0.783124 0.270479 0.0677771 0.0447593
1 0.791111 0.26967 0.0515244 0.0400789
0 0.490848 0.207331 0.101139 0.0805787
0 0.275277 0.900123 0.0621327 0.0379089
0 0.552441 0.253103 0.0713269 0.0564192
0 0.509816 0.483573 0.120409 0.0714954
0 0.104386 0.672187 0.0267005 0.018358
0 0.329637 0.938523 0.0481906 0.0542366
1 0.34792 0.671604 0.0544775 0.0282107
0 0.154696 0.555019 0.0433052 0.0205205
1 0.379942 0.217341 0.055912 0.041317
2 0.491709 0.207392 0.101126 0.0821048
0 0.077471 0.370063 0.0407669 0.0287915
0 0.14858 0.554898 0.0310406 0.0180454
