1 0.601638 0.704085 0.119308 0.0623075
1 0.920629 0.179163 0.0683357 0.0346242
0 0.379912 0.594924 0.132138 0.0856767
0 0.532315 0.576283 0.154014 0.0855087
1 0.596456 0.0309372 0.0603353 0.0301174
1 0.591866 0.213353 0.0757402 0.0395745
0 0.822598 0.468995 0.104586 0.0500811
0 0.529338 0.448462 0.106856 0.0661806
1 0.682973 0.870416 0.114518 0.071137
0 0.641657 0.407319 0.0713541 0.067678
1 0.0845363 0.388529 0.0597249 0.0401966
1 0.561083 0.880163 0.0606232 0.0384609
1 0.719284 0.666113 0.13173 0.068183
1 0.589223 0.637114 0.137425 0.0562262
