1 0.846934 0.709269 0.306131 0.238266
1 0.152962 0.158771 0.304789 0.176335
0 0.545221 0.847608 0.375518 0.249889
0 0.159545 0.469032 0.316482 0.236733
0 0.151864 0.159819 0.2982 0.175549
2 0.151142 0.159599 0.298389 0.175758
0 0.506254 0.587986 0.457082 0.271522
2 0.837124 0.931342 0.325251 0.137181
1 0.160043 0.470013 0.318569 0.235103
0 0.781395 0.522273 0.154881 0.141129
0 0.846537 0.708255 0.302338 0.23573
2 0.501861 0.588452 0.458364 0.269102
2 0.847332 0.709482 0.304444 0.234074
0 0.651971 0.408058 0.161208 0.0846551
