1 0.657178 0.367528 0.137151 0.0667362
0 0.864329 0.519684 0.131897 0.0807976
0 0.715117 0.269206 0.133261 0.0700371
0 0.445468 0.649859 0.0716516 0.0377045
1 0.466909 0.471853 0.0794461 0.0431872
0 0.219574 0.128985 0.0840663 0.0462201
0 0.403443 0.41056 0.0816595 0.0431393
0 0.477062 0.588122 0.068568 0.0298229
1 0.563576 0.0769514 0.0420667 0.0345944
1 0.220501 0.30646 0.0565294 0.0361715
0 0.396918 0.458678 0.0733136 0.0420893
0 0.884155 0.690116 0.0905771 0.0573372
0 0.25222 0.381641 0.0615997 0.0289006
0 0.440511 0.767455 0.0626949 0.0390459
0 0.944155 0.456859 0.111689 0.0765174
0 0.739525 0.597217 0.0733913 0.0401609
0 0.510867 0.860009 0.0630716 0.0412582
1 0.278398 0.711824 0.0560593 0.0283583
2 0.397245 0.458567 0.0723588 0.0429377
