1 0.327994 0.735852 0.0344547 0.0229555
0 0.222353 0.0290725 0.0882621 0.058145
0 0.094716 0.746137 0.0467984 0.0354353
1 0.330487 0.776207 0.0469683 0.0299477
1 0.548513 0.860552 0.0384924 0.0304138
1 0.31619 0.729257 0.0591866 0.0390804
0 0.252791 0.281554 0.111369 0.0696759
1 0.217023 0.941607 0.0247461 0.0208729
0 0.215898 0.28572 0.0422732 0.0567565
0 0.288097 0.0806576 0.0676739 0.0379486
1 0.288065 0.049361 0.047046 0.0293414
1 0.465839 0.0725472 0.0602133 0.0436501
1 0.845492 0.850541 0.0601717 0.0355015
