0 0.51143 0.555064 0.278121 0.206048
2 0.51394 0.555641 0.284882 0.204213
2 0.367642 0.772971 0.310584 0.213012
0 0.850727 0.422233 0.128266 0.108344
0 0.945129 0.916846 0.109328 0.0786791
0 0.771981 0.541644 0.102185 0.0683825
0 0.366854 0.771865 0.30648 0.213202
0 0.693692 0.379144 0.0850752 0.051841
1 0.70671 0.466188 0.160435 0.115301
0 0.827617 0.905895 0.111677 0.0620441
0 0.566146 0.898811 0.112532 0.0926889
0 0.393133 0.854346 0.159241 0.12008
2 0.973038 0.741256 0.0535965 0.13972
0 0.486655 0.587925 0.238719 0.149521
2 0.694777 0.379734 0.0852434 0.0516127
0 0.706484 0.466049 0.15826 0.115141
0 0.676996 0.00769895 0.181165 0.0152886
2 0.908046 0.840163 0.116218 0.0812538
2 0.849628 0.421928 0.127921 0.108342
2 0.706116 0.466287 0.159066 0.114825
0 0.907324 0.840713 0.116108 0.0836624
