1 0.560752 0.142803 0.0546544 0.0355811
1 0.550964 0.0852538 0.0598309 0.0287699
1 0.842504 0.29393 0.0782444 0.0372383
1 0.543881 0.185805 0.0569387 0.0307612
1 0.478423 0.0806865 0.0614067 0.0319678
1 0.41095 0.241428 0.0578115 0.0308933
0 0.867045 0.669797 0.0742865 0.0352251
0 0.528568 0.621265 0.0568829 0.0333392
0 0.58108 0.607946 0.0602623 0.0385063
0 0.742228 0.638303 0.0257428 0.0204464
1 0.515407 0.16363 0.03381 0.0265872
0 0.557566 0.609353 0.106002 0.0419363
1 0.50461 0.230576 0.059482 0.0417953
0 0.424331 0.655595 0.0500351 0.0319763
0 0.482906 0.562522 0.0604961 0.0390214
0 0.476952 0.55899 0.0472099 0.0331498
