0 0.613928 0.74792 0.110637 0.0746769
0 0.503001 0.733109 0.11215 0.0843542
2 0.384354 0.36211 0.15099 0.121363
0 0.591829 0.402442 0.204736 0.0940233
0 0.824169 0.769203 0.0553619 0.0353962
0 0.701119 0.878889 0.0682742 0.0454987
2 0.59052 0.401165 0.205355 0.0991136
0 0.129487 0.086622 0.0985893 0.0643675
0 0.253963 0.533016 0.0674509 0.038674
0 0.19961 0.483665 0.0716396 0.048554
0 0.635232 0.664011 0.0990011 0.0693357
0 0.383981 0.363134 0.152229 0.119038
2 0.637109 0.66488 0.0964025 0.0652071
2 0.504288 0.733768 0.112135 0.0844818
0 0.54192 0.406081 0.105189 0.0848144
0 0.691197 0.879492 0.0499076 0.04431
