0 0.346436 0.419975 0.341909 0.203936
0 0.693912 0.267411 0.320835 0.184638
0 0.72006 0.105136 0.285846 0.150499
0 0.13454 0.595057 0.26908 0.235362
0 0.914373 0.334822 0.171253 0.175305
0 0.927597 0.96246 0.144135 0.0750809
0 0.701142 0.466239 0.364681 0.179142
1 0.736659 0.884625 0.357032 0.219708
2 0.958486 0.166127 0.0825794 0.150301
1 0.843174 0.793657 0.189394 0.127529
2 0.346118 0.41671 0.343389 0.207764
2 0.69286 0.26825 0.321195 0.188483
0 0.383101 0.201898 0.30176 0.168465
0 0.949477 0.641088 0.100929 0.175057
1 0.465533 0.614367 0.386038 0.217629
0 0.625159 0.685656 0.305338 0.187725
1 0.402077 0.614198 0.259554 0.213576
2 0.133315 0.595294 0.26663 0.23456
1 0.193222 0.233714 0.168591 0.115072
2 0.97737 0.457848 0.0446671 0.147812
1 0.700777 0.468443 0.36053 0.183702
0 0.95941 0.164755 0.081181 0.155791
2 0.915663 0.334218 0.168264 0.175011
2 0.949737 0.642114 0.100276 0.173577
2 0.378473 0.20192 0.297896 0.166395
1 0.795377 0.888364 0.241848 0.222612
0 0.977414 0.45858 0.0445881 0.155404
2 0.820329 0.573961 0.215014 0.122093
0 0.122136 0.987625 0.189704 0.024749
