1 0.545937 0.148557 0.0344982 0.0219048
1 0.333432 0.89513 0.046608 0.0341461
0 0.575231 0.517112 0.0538679 0.0367399
1 0.268905 0.185764 0.0673046 0.0570387
0 0.344503 0.802475 0.0511318 0.0562752
0 0.421436 0.777062 0.0619636 0.0571035
0 0.985408 0.896177 0.0286491 0.0236225
0 0.16172 0.10027 0.109356 0.0809263
0 0.955788 0.852905 0.0351313 0.0268635
0 0.420279 0.591155 0.0411229 0.0293121
0 0.407696 0.896231 0.0400477 0.0312862
1 0.264127 0.628654 0.0345347 0.0256428
0 0.203882 0.775397 0.0685914 0.0378617
1 0.70044 0.274976 0.0264894 0.0184289
0 0.657116 0.446074 0.0420155 0.0296116
0 0.787727 0.467074 0.0249329 0.021139
1 0.408297 0.928213 0.032825 0.0215775
2 0.161122 0.099414 0.108992 0.080323
