1 0.228347 0.520085 0.0322917 0.019891
1 0.447062 0.346664 0.0326143 0.0213491
1 0.481751 0.712398 0.0364525 0.0229677
1 0.27566 0.789051 0.0446952 0.0332669
1 0.107506 0.766464 0.0609322 0.0410911
1 0.477835 0.671446 0.0261957 0.0186776
1 0.7783 0.359328 0.0353023 0.0181374
1 0.322715 0.464794 0.0300559 0.0206572
1 0.617794 0.621262 0.0228279 0.0148197
1 0.372819 0.690255 0.0305726 0.0185522
1 0.222971 0.841469 0.0638829 0.0385441
1 0.161242 0.990318 0.0510829 0.0193636
1 0.160483 0.985242 0.0547267 0.0292143
1 0.622786 0.577892 0.0187138 0.0192253
1 0.438975 0.402773 0.0359943 0.0241485
1 0.37587 0.686518 0.036754 0.0239399
1 0.312772 0.466509 0.0170984 0.0231278
