0 0.357834 0.534568 0.0828408 0.0381354
0 0.313951 0.956054 0.0624087 0.0373329
0 0.512807 0.492234 0.0560637 0.0438135
0 0.139328 0.509497 0.117695 0.0618163
0 0.442869 0.494537 0.0763914 0.0424322
0 0.124751 0.708727 0.0814491 0.0382077
0 0.384779 0.693226 0.0756151 0.0516885
0 0.604189 0.353193 0.051233 0.031262
0 0.427708 0.586159 0.058803 0.043717
2 0.38485 0.690688 0.0739159 0.0464376
0 0.41957 0.586834 0.0757719 0.0487482
0 0.374035 0.485213 0.0492908 0.0410815
2 0.442871 0.495669 0.0801741 0.0400934
0 0.486869 0.643076 0.0338578 0.0321449
