0 0.0995604 0.498838 0.0465252 0.02696
0 0.316775 0.737327 0.0350963 0.0246775
0 0.595054 0.410396 0.0265091 0.0282734
0 0.429094 0.453318 0.032478 0.0212096
0 0.620805 0.470515 0.0269789 0.0195137
1 0.794975 0.29383 0.0217785 0.0135885
0 0.526067 0.338423 0.0308445 0.0196559
0 0.481546 0.544113 0.02444 0.0182331
0 0.624327 0.435258 0.0295277 0.0187785
0 0.373666 0.733127 0.0378406 0.0244873
1 0.75635 0.273944 0.0252407 0.0174121
0 0.158356 0.522746 0.0279236 0.0230352
1 0.32448 0.216117 0.0254839 0.0192626
0 0.0270765 0.484223 0.02473 0.0162394
0 0.362084 0.710463 0.0276115 0.0227397
0 0.575095 0.472446 0.0256168 0.019698
0 0.30255 0.76059 0.032514 0.0239754
0 0.479083 0.547324 0.0273115 0.0205042
0 0.365546 0.713418 0.0318501 0.0268047
0 0.0163102 0.425764 0.0324019 0.0248142
0 0.732959 0.191119 0.0241799 0.0216198
0 0.755755 0.274592 0.0255895 0.0182354
0 0.592505 0.456213 0.0372648 0.019995
0 0.847596 0.259131 0.0222837 0.0172452
0 0.475096 0.549477 0.0365782 0.0279781
0 0.617406 0.466127 0.0281912 0.0248389
1 0.389821 0.35499 0.0239259 0.0169228
0 0.464388 0.560122 0.0283944 0.0180162
0 0.598031 0.479689 0.0186293 0.0138987
