1 0.936672 0.456993 0.0813814 0.0400413
1 0.512721 0.175392 0.0930106 0.0567225
1 0.759323 0.493698 0.0730501 0.0414449
1 0.204356 0.493541 0.109359 0.0511045
1 0.289791 0.558608 0.0518565 0.0320532
1 0.683584 0.464004 0.0832153 0.0368284
1 0.516795 0.354303 0.0712442 0.0330735
1 0.950106 0.458804 0.0528479 0.0364218
0 0.465606 0.727415 0.0993227 0.0704235
1 0.447376 0.143074 0.0763077 0.0506422
0 0.38533 0.423806 0.111092 0.0619513
0 0.786842 0.888943 0.107447 0.0691658
1 0.913731 0.500701 0.0905903 0.034776
1 0.358478 0.752647 0.0487583 0.0342857
1 0.786499 0.888973 0.107141 0.0638004
