0 0.84288 0.372865 0.0796682 0.05355
1 0.456403 0.618149 0.0730542 0.0395243
0 0.295935 0.132917 0.119425 0.0606765
0 0.621173 0.587464 0.0956482 0.0473501
1 0.439957 0.290765 0.0649383 0.0343474
1 0.0101024 0.419831 0.0199838 0.0935189
0 0.162565 0.142779 0.127123 0.0691627
0 0.661916 0.693389 0.0896833 0.0425635
0 0.356854 0.0825501 0.0969018 0.0585213
1 0.516938 0.652895 0.0507288 0.0317366
1 0.179928 0.319967 0.0686916 0.0372915
0 0.82116 0.357579 0.0334057 0.0265797
0 0.87479 0.298829 0.0804024 0.0447998
1 0.926278 0.377642 0.0599026 0.0351069
1 0.506761 0.872503 0.0624655 0.0388779
