1 0.463118 0.438268 0.0439329 0.0315982
1 0.62799 0.594277 0.0311247 0.0187248
1 0.357525 0.950868 0.0355366 0.0287041
1 0.613995 0.504132 0.0364243 0.0233009
1 0.313442 0.947361 0.0433504 0.0320438
1 0.456364 0.426109 0.0629465 0.0546058
0 0.611569 0.854572 0.0387609 0.0272667
1 0.345218 0.887984 0.0297809 0.0189869
1 0.526517 0.420207 0.054617 0.0367698
0 0.586567 0.883213 0.0481049 0.0309534
0 0.503999 0.577867 0.0659811 0.0481132
1 0.455076 0.415903 0.0608473 0.0372191
1 0.569651 0.599066 0.0705107 0.04827
1 0.442757 0.415667 0.0360992 0.0304976
0 0.581268 0.881002 0.0384981 0.0250927
