1 0.515202 0.636795 0.0794256 0.0592734
1 0.816631 0.79727 0.0476521 0.0331835
1 0.586545 0.669716 0.0682549 0.0511599
1 0.429681 0.917274 0.0918683 0.0811016
1 0.358303 0.963319 0.0744909 0.0571907
1 0.428245 0.899059 0.0864751 0.0413551
1 0.336028 0.897325 0.0683951 0.0502361
1 0.530223 0.387119 0.0558605 0.0332159
1 0.307804 0.367045 0.0265831 0.0175549
1 0.0990148 0.329951 0.0558348 0.0307399
0 0.50931 0.696071 0.0832479 0.051916
2 0.50914 0.695404 0.0838151 0.053722
1 0.240435 0.474631 0.0325516 0.0224606
1 0.369698 0.957194 0.0826516 0.0570644
1 0.44519 0.93806 0.0554409 0.0358582
1 0.129636 0.711823 0.0464531 0.0252161
