1 0.167809 0.795712 0.037443 0.0216856
1 0.512083 0.616226 0.048982 0.03631
1 0.491602 0.485417 0.0357652 0.0339046
1 0.636925 0.416028 0.0527032 0.0432425
1 0.915315 0.303849 0.027692 0.0203824
1 0.251871 0.370885 0.0314527 0.0199201
1 0.158046 0.539197 0.0360236 0.0214606
0 0.575084 0.610382 0.0666519 0.0419646
1 0.909203 0.35467 0.0338905 0.0244273
1 0.618215 0.522999 0.0415384 0.0328804
1 0.416804 0.414624 0.0703215 0.0541465
1 0.0692485 0.915699 0.0276793 0.0187469
1 0.348201 0.54251 0.0454372 0.0308971
1 0.170634 0.829421 0.0380495 0.0237749
1 0.0791326 0.368539 0.0403264 0.0281898
1 0.954931 0.290952 0.0265385 0.0169061
0 0.348762 0.543292 0.0462988 0.0324085
1 0.0853807 0.853152 0.0201126 0.0169296
1 0.151548 0.467095 0.0341612 0.0239824
