1 0.506999 0.906574 0.16378 0.114041
1 0.597295 0.66353 0.151046 0.111654
0 0.455444 0.537161 0.176572 0.126597
1 0.270739 0.648286 0.137635 0.0949931
1 0.420047 0.652311 0.180465 0.125068
1 0.323196 0.842304 0.168906 0.124108
2 0.274648 0.423392 0.163779 0.12071
0 0.282176 0.541833 0.149016 0.1042
0 0.331985 0.745914 0.102306 0.0717418
2 0.454437 0.536239 0.174252 0.121722
2 0.283268 0.543196 0.150155 0.102254
0 0.419296 0.651968 0.179766 0.124658
0 0.275707 0.423342 0.164346 0.121601
0 0.976361 0.604651 0.0452496 0.0607992
