1 0.19466 0.846173 0.0294396 0.0216881
1 0.335024 0.794304 0.0233547 0.0217157
1 0.631381 0.358757 0.0469451 0.0301757
1 0.710113 0.19774 0.0505541 0.0326356
1 0.344868 0.793489 0.0454409 0.0229159
1 0.456243 0.635527 0.0508745 0.0336226
1 0.898187 0.430699 0.0267374 0.0165726
1 0.214598 0.530626 0.0201391 0.0159895
1 0.48899 0.566392 0.0457649 0.0311953
1 0.429755 0.479913 0.0215044 0.0172096
1 0.206263 0.901075 0.0411704 0.0291874
0 0.748302 0.183221 0.0300017 0.0253546
1 0.942208 0.283788 0.019475 0.0155988
1 0.560292 0.50397 0.030776 0.0218266
1 0.42335 0.481622 0.0291181 0.0183533
1 0.208297 0.896906 0.0473608 0.0375662
