1 0.0621386 0.623362 0.124277 0.0790798
1 0.335291 0.672719 0.0834604 0.0498729
1 0.800521 0.447714 0.069065 0.0327927
1 0.550799 0.723371 0.044372 0.0305471
1 0.067683 0.956725 0.086225 0.0484974
1 0.559648 0.723215 0.0633358 0.0319297
1 0.788005 0.533009 0.0382819 0.0262136
0 0.461188 0.572266 0.0646065 0.0333422
1 0.4545 0.329123 0.0428556 0.0222481
1 0.735633 0.535393 0.0624965 0.0371989
1 0.433677 0.353253 0.0452544 0.024993
1 0.236058 0.868612 0.081176 0.0373535
1 0.221451 0.978293 0.0785164 0.0422989
1 0.228601 0.620543 0.0652114 0.0372105
1 0.375499 0.846697 0.0474287 0.0317192
1 0.877146 0.647086 0.041423 0.023873
1 0.253796 0.695665 0.0726493 0.0376755
1 0.687311 0.633529 0.0539431 0.0272915
1 0.143395 0.960306 0.0600368 0.0371952
1 0.450968 0.335052 0.0559221 0.0355718
1 0.980361 0.192623 0.0253653 0.0177443
