0 0.821422 0.498413 0.0923277 0.0428878
0 0.87771 0.42916 0.0726555 0.044206
1 0.111983 0.596958 0.052859 0.0278436
0 0.153885 0.558391 0.0423299 0.0318698
0 0.197949 0.550152 0.0483394 0.0301585
1 0.641322 0.623026 0.047685 0.0312508
1 0.827733 0.428205 0.0249201 0.02128
1 0.749964 0.566527 0.0657785 0.0395005
0 0.328487 0.327577 0.0372703 0.0205575
0 0.173202 0.7336 0.0478772 0.0245904
1 0.640858 0.628839 0.0498939 0.0417212
0 0.175943 0.738121 0.0561772 0.0341183
1 0.187721 0.345434 0.0683908 0.0456361
