1 0.0682592 0.631425 0.0726374 0.0318043
1 0.0985994 0.671771 0.135491 0.0807131
1 0.207514 0.743994 0.0879525 0.0523767
1 0.238649 0.698768 0.0483774 0.0330618
1 0.505581 0.583954 0.087587 0.0440006
1 0.586569 0.364502 0.108164 0.064775
1 0.438355 0.576164 0.0572676 0.0434759
1 0.028493 0.585915 0.056986 0.0635208
1 0.418419 0.223917 0.0792612 0.0427386
1 0.419669 0.404057 0.060318 0.0471627
1 0.581633 0.552601 0.0564235 0.037426
1 0.556692 0.416562 0.0564492 0.0332737
1 0.495833 0.346678 0.085371 0.0728425
1 0.0720219 0.648374 0.0822077 0.0630483
1 0.376469 0.594866 0.0702048 0.0486109
1 0.819314 0.0339912 0.0856976 0.0563476
1 0.884368 0.0203974 0.054475 0.0369537
1 0.43376 0.400253 0.0904165 0.0544845
1 0.342238 0.490955 0.0537356 0.0423921
1 0.339384 0.264412 0.0568865 0.0311886
1 0.341391 0.496431 0.0492973 0.0335775
1 0.444105 0.56632 0.0677446 0.0623234
1 0.023544 0.768103 0.0469169 0.0726143
1 0.438996 0.519905 0.104182 0.0663048
1 0.824901 0.0368011 0.0725304 0.0458696
