0 0.954124 0.831532 0.0442915 0.0285011
0 0.0338324 0.466552 0.0676648 0.0696394
2 0.371382 0.722269 0.1142 0.0861141
1 0.98014 0.281608 0.0385376 0.0269738
0 0.698873 0.985685 0.0511772 0.0283298
0 0.981487 0.708574 0.0276852 0.0174141
1 0.886635 0.331501 0.0403637 0.0281253
0 0.369912 0.720838 0.117397 0.0858546
0 0.974055 0.768812 0.0253485 0.0202759
0 0.686724 0.982944 0.0746929 0.034112
1 0.351315 0.416951 0.0436646 0.0400618
2 0.277302 0.686295 0.0958828 0.0757782
0 0.277497 0.686759 0.0962626 0.0769499
