1 0.603003 0.717417 0.0906248 0.0500594
1 0.546506 0.832553 0.0765787 0.0419445
0 0.669336 0.435703 0.111598 0.064526
1 0.0992054 0.729987 0.0629395 0.0424294
0 0.438708 0.819529 0.0601496 0.0303238
0 0.409096 0.515653 0.0916915 0.0614647
1 0.767667 0.450366 0.0917133 0.04559
1 0.830349 0.469259 0.0977203 0.0572445
0 0.0215727 0.0753805 0.0431454 0.0703416
0 0.523299 0.138767 0.0300205 0.0173383
0 0.377958 0.699566 0.0653561 0.0584291
0 0.739482 0.344469 0.120811 0.0572722
1 0.468901 0.688353 0.0967014 0.056115
1 0.786311 0.692941 0.0645906 0.0379881
