1 0.451118 0.525217 0.0456562 0.0384769
1 0.335494 0.494248 0.0481276 0.0349695
1 0.020441 0.524588 0.0399531 0.0455637
1 0.340339 0.310896 0.0343254 0.0201845
1 0.124323 0.97971 0.0578584 0.0403149
1 0.384765 0.314283 0.0326706 0.0224562
1 0.455496 0.341114 0.0221052 0.0197369
1 0.0860842 0.533173 0.0769759 0.0433558
1 0.527576 0.610368 0.0546492 0.0300877
1 0.591284 0.374107 0.0232714 0.0151684
1 0.386619 0.469772 0.0435892 0.0330563
1 0.447654 0.480039 0.0221384 0.0204317
1 0.628168 0.676378 0.0259039 0.0173612
