0 0.0558325 0.801997 0.0207673 0.0174593
0 0.179931 0.820885 0.02458 0.0178373
0 0.220429 0.433342 0.0234436 0.0290483
0 0.367822 0.079652 0.0228221 0.036786
0 0.169543 0.834465 0.0337878 0.0313229
0 0.179932 0.829987 0.0242458 0.0333534
0 0.16852 0.817174 0.0220479 0.0188286
0 0.0615601 0.36741 0.0216695 0.0284966
1 0.364987 0.530868 0.0182848 0.0213556
0 0.342524 0.815422 0.0344657 0.0231745
0 0.167005 0.839254 0.0364289 0.0283976
0 0.170015 0.829013 0.0449275 0.0460045
0 0.069088 0.80986 0.015926 0.0169868
0 0.219164 0.255671 0.0242486 0.039331
