1 0.657597 0.901259 0.0509415 0.0335011
1 0.203673 0.038888 0.0470587 0.0279492
1 0.590657 0.736496 0.0740814 0.0509817
1 0.287195 0.396082 0.0421394 0.024565
1 0.83861 0.51465 0.0466248 0.0224096
1 0.926177 0.152309 0.0465664 0.0245267
1 0.672183 0.0706738 0.0474333 0.0286947
1 0.312195 0.708987 0.0763253 0.0451044
1 0.0954003 0.792032 0.0437923 0.0218006
1 0.915814 0.903162 0.072427 0.0437214
1 0.019376 0.759538 0.0376424 0.0353746
1 0.983167 0.12699 0.0316074 0.0203289
1 0.8381 0.586577 0.0448265 0.0235105
1 0.735825 0.0692392 0.0324144 0.0185593
1 0.743741 0.650514 0.0399611 0.0285505
1 0.239851 0.0960878 0.0443255 0.0195415
0 0.482316 0.23319 0.0348087 0.0222345
1 0.836073 0.908487 0.0740595 0.0442476
0 0.497035 0.522251 0.0415086 0.0278881
0 0.857168 0.397839 0.0264904 0.024001
1 0.736176 0.648949 0.0560358 0.0329357
0 0.717403 0.600423 0.0383363 0.0274612
0 0.713502 0.603102 0.0438662 0.034721
0 0.788873 0.556827 0.0462767 0.0356943
1 0.732731 0.742595 0.0339138 0.0176056
1 0.49402 0.0121762 0.0486321 0.0243523
1 0.730235 0.726738 0.0479073 0.0461677
0 0.344405 0.431525 0.0577777 0.0289242
