1 0.8122 0.71187 0.354274 0.193454
0 0.83914 0.32104 0.315375 0.227333
0 0.495947 0.631069 0.32698 0.204266
0 0.806471 0.710327 0.344598 0.187719
2 0.390943 0.406742 0.45456 0.253598
0 0.306382 0.113392 0.335914 0.21026
0 0.387656 0.40623 0.459316 0.248288
0 0.666143 0.091882 0.38229 0.181564
1 0.190612 0.763236 0.379829 0.260279
2 0.839636 0.320669 0.317123 0.231276
2 0.932951 0.573712 0.134098 0.186258
2 0.306802 0.111982 0.340786 0.214957
1 0.915034 0.841343 0.169931 0.216195
0 0.0697803 0.0748902 0.139561 0.149109
2 0.4972 0.631449 0.328723 0.203959
1 0.182132 0.568107 0.250883 0.132829
