1 0.672497 0.855831 0.107923 0.0809172
0 0.346807 0.368968 0.0951095 0.0572739
1 0.900125 0.229381 0.0466553 0.0361901
1 0.926972 0.303109 0.0349426 0.0208928
1 0.53953 0.885203 0.0622208 0.0432343
1 0.499646 0.0738329 0.0404819 0.0320245
0 0.509967 0.702142 0.149302 0.0956514
1 0.609911 0.476838 0.119199 0.0775473
1 0.0461474 0.39324 0.059268 0.0417041
1 0.872169 0.712728 0.0354618 0.0213184
2 0.51131 0.705372 0.147898 0.104285
1 0.327191 0.749863 0.12357 0.0842365
0 0.543681 0.701114 0.0796682 0.0828256
1 0.850715 0.223422 0.0502014 0.0417949
