1 0.425551 0.467609 0.152174 0.087175
1 0.0272013 0.40365 0.0541932 0.05509
1 0.082219 0.272307 0.104616 0.0642272
1 0.0823532 0.326538 0.0622746 0.0354273
1 0.16657 0.275302 0.0547637 0.0338397
1 0.670771 0.484949 0.075953 0.0468201
1 0.542348 0.465826 0.081448 0.0647053
1 0.0298113 0.208421 0.0596226 0.0438904
1 0.100951 0.177886 0.0987255 0.0503404
1 0.126488 0.349708 0.0530724 0.0412632
1 0.12689 0.359851 0.0572276 0.0588336
1 0.352562 0.238073 0.0238616 0.0174661
1 0.954495 0.416241 0.0522881 0.0361317
1 0.663408 0.489424 0.0611242 0.0400029
