1 0.782817 0.203599 0.0309553 0.0212624
1 0.194353 0.730721 0.0674511 0.0362434
1 0.6849 0.526497 0.0414471 0.0206464
1 0.710477 0.880274 0.0624411 0.0365597
1 0.496319 0.876843 0.0414869 0.0265776
1 0.380509 0.0799218 0.0474751 0.0233156
1 0.615757 0.980053 0.057111 0.0377087
1 0.82867 0.180713 0.0281635 0.0183111
1 0.185273 0.447414 0.0368683 0.0177474
1 0.452235 0.0307247 0.0309114 0.017731
1 0.698097 0.955857 0.0548457 0.032246
1 0.833589 0.328604 0.0402733 0.0202659
1 0.544429 0.134461 0.0425993 0.0264625
1 0.0312258 0.258863 0.0587314 0.0266506
0 0.710699 0.285081 0.0317645 0.0252955
1 0.672147 0.597173 0.0329324 0.0194578
1 0.109357 0.110508 0.0510688 0.0291713
0 0.865885 0.302685 0.0310642 0.021698
1 0.578472 0.652125 0.0430758 0.0227092
0 0.565268 0.60736 0.0310736 0.0310939
0 0.375393 0.53651 0.054097 0.0361944
1 0.663424 0.0104856 0.0342826 0.0202026
0 0.236041 0.463881 0.051097 0.0239019
1 0.602901 0.133871 0.0343416 0.0188051
1 0.397218 0.0251346 0.0404047 0.0182416
