1 0.321315 0.611118 0.11214 0.0724735
1 0.841295 0.387263 0.137394 0.0756199
0 0.647716 0.335828 0.144594 0.0795046
1 0.799869 0.652318 0.0855141 0.0453583
1 0.538809 0.663668 0.100743 0.0577782
0 0.691633 0.0715977 0.0410865 0.0215325
0 0.339963 0.743505 0.0658216 0.0644187
0 0.218303 0.555813 0.113952 0.0572449
1 0.019787 0.168837 0.0390439 0.0484857
1 0.381488 0.825038 0.0679133 0.0483105
0 0.229715 0.612073 0.0801034 0.0542643
1 0.762274 0.359673 0.115168 0.0601495
0 0.341304 0.421359 0.0933229 0.0718476
0 0.441152 0.681376 0.0844669 0.0498983
0 0.757766 0.225035 0.151703 0.077049
2 0.647598 0.335987 0.145124 0.0799321
1 0.492505 0.739647 0.0773356 0.0413237
