0 0.240884 0.597218 0.0438489 0.0283016
0 0.0708701 0.863441 0.0374922 0.0278538
0 0.508027 0.296724 0.0364569 0.0240215
1 0.343531 0.610846 0.0286994 0.0189726
0 0.0379377 0.908315 0.0298813 0.0299253
0 0.438381 0.470139 0.0307653 0.0213313
0 0.289864 0.640811 0.0358265 0.024243
0 0.284752 0.466773 0.0257032 0.0224818
0 0.183706 0.729397 0.0479265 0.031422
0 0.243115 0.784041 0.0240107 0.0197068
0 0.390046 0.66591 0.0321265 0.0213844
2 0.0710738 0.863199 0.0366341 0.0289316
0 0.544678 0.382724 0.0245483 0.0150214
0 0.078633 0.744811 0.0406187 0.0335698
0 0.245684 0.784335 0.0293009 0.023159
0 0.0905498 0.805808 0.0237671 0.02549
0 0.360171 0.545925 0.0374482 0.0230221
0 0.152234 0.308804 0.0695282 0.0399076
0 0.410573 0.287749 0.0246153 0.0183785
0 0.194962 0.700391 0.0303461 0.0235715
