0 0.0958089 0.602751 0.191618 0.132647
2 0.0952208 0.601336 0.190371 0.134852
0 0.63935 0.559092 0.0851148 0.07276
0 0.711442 0.586779 0.0939075 0.0671003
0 0.382904 0.676924 0.108749 0.0811205
0 0.0654554 0.713265 0.130911 0.131561
2 0.717856 0.660709 0.0766533 0.0530539
0 0.461905 0.634797 0.0510942 0.0434267
0 0.732353 0.71382 0.0702889 0.0445965
1 0.684911 0.709328 0.0479205 0.0367147
1 0.40842 0.587093 0.100902 0.0702852
2 0.389498 0.816815 0.151981 0.140004
0 0.718803 0.661773 0.074259 0.0493097
0 0.387376 0.819064 0.158637 0.14325
1 0.382381 0.676167 0.110574 0.0832176
2 0.0654411 0.713427 0.130484 0.132412
2 0.38269 0.677584 0.110061 0.0804794
0 0.572957 0.670964 0.0297186 0.0309792
1 0.09676 0.600617 0.19352 0.134729
0 0.798963 0.658269 0.0786519 0.0697319
0 0.476343 0.908323 0.124574 0.0613754
