1 0.862913 0.388998 0.0576397 0.0347093
1 0.51726 0.608903 0.0394722 0.029845
0 0.477687 0.736551 0.0647602 0.0450262
1 0.758062 0.937118 0.0954968 0.0720297
1 0.0446281 0.962518 0.0513381 0.0355228
1 0.945317 0.411961 0.044746 0.0255353
1 0.614979 0.51193 0.0731035 0.0537048
1 0.364435 0.337945 0.044246 0.03705
1 0.802744 0.340738 0.0284311 0.0291789
0 0.145717 0.560388 0.0591128 0.0349147
2 0.478331 0.736119 0.0638224 0.0421618
1 0.877848 0.466512 0.100739 0.0635231
1 0.874168 0.476796 0.0919336 0.0464484
1 0.813001 0.340777 0.0491314 0.0298611
1 0.17518 0.59666 0.0326359 0.0249506
1 0.864059 0.882828 0.0731014 0.0557793
1 0.38289 0.30324 0.0368255 0.0255585
1 0.22132 0.235072 0.0339032 0.0280362
2 0.199342 0.535014 0.0531775 0.0395454
0 0.520768 0.765368 0.0375754 0.0272936
0 0.198752 0.534721 0.0537372 0.039842
0 0.520154 0.771088 0.0344302 0.04492
