1 0.168167 0.648949 0.187259 0.102234
1 0.367088 0.293698 0.068815 0.037012
0 0.453864 0.693644 0.170597 0.090963
1 0.659748 0.84086 0.0770844 0.0488758
1 0.248268 0.299261 0.134546 0.0764901
0 0.508714 0.377757 0.0473419 0.0355658
1 0.0266587 0.377832 0.0531544 0.0729667
0 0.144213 0.29723 0.0880794 0.0685813
1 0.303089 0.649569 0.0805335 0.0664065
0 0.416532 0.126215 0.113966 0.0902956
0 0.255237 0.565119 0.110318 0.0745688
1 0.465777 0.0719296 0.0821044 0.0410547
2 0.454031 0.693324 0.169618 0.0925049
0 0.468701 0.32316 0.0568834 0.0355177
