1 0.0271917 0.560513 0.0543835 0.0487717
1 0.0463848 0.189694 0.0927696 0.0786247
0 0.517694 0.426702 0.10258 0.0474584
0 0.510372 0.641594 0.105042 0.054203
0 0.449844 0.37735 0.101699 0.0661278
1 0.135285 0.593178 0.100462 0.061005
1 0.119097 0.595683 0.132547 0.0696505
1 0.0658094 0.268131 0.0659851 0.0466912
1 0.165534 0.74914 0.0864552 0.0498402
1 0.620049 0.636735 0.0992748 0.0557886
0 0.15849 0.193642 0.153654 0.089164
0 0.144378 0.177558 0.124645 0.0675959
0 0.174992 0.193757 0.116848 0.0771075
1 0.147634 0.59273 0.0720533 0.0514395
