1 0.511931 0.375497 0.138854 0.0830564
1 0.68787 0.371895 0.103929 0.0549284
1 0.768903 0.388856 0.0798346 0.0455832
1 0.63185 0.311664 0.092623 0.0628391
1 0.731276 0.462499 0.0997581 0.0493177
1 0.838361 0.574691 0.083637 0.0518901
1 0.654023 0.309291 0.139797 0.0663175
1 0.917618 0.255675 0.0595072 0.054934
1 0.236025 0.583282 0.0717221 0.0364197
1 0.708873 0.556474 0.0761021 0.0461656
1 0.693902 0.309939 0.0589151 0.0485618
1 0.909123 0.251451 0.0747028 0.0652508
1 0.735113 0.613521 0.0684629 0.0398767
1 0.666545 0.420011 0.0654404 0.0410707
1 0.838737 0.581198 0.0793715 0.037014
1 0.677043 0.376801 0.0861949 0.0477644
1 0.769299 0.379817 0.083831 0.0626616
1 0.657422 0.420377 0.0809118 0.0513989
