0 0.371154 0.544404 0.163054 0.100316
1 0.828357 0.75446 0.0477921 0.0381211
2 0.591148 0.740672 0.127498 0.11576
2 0.881063 0.638204 0.0915695 0.0682131
2 0.869976 0.713637 0.0729239 0.0542347
0 0.586841 0.740368 0.133727 0.116241
0 0.867655 0.774373 0.0808546 0.0449852
0 0.619101 0.877945 0.159872 0.138458
0 0.945959 0.7268 0.0793974 0.0680906
0 0.59148 0.63408 0.0877029 0.0683617
0 0.870554 0.714915 0.0747599 0.0525274
0 0.816845 0.602277 0.0818815 0.0670115
2 0.605925 0.878974 0.131324 0.135802
