1 0.504975 0.647182 0.0994276 0.0774711
1 0.612491 0.662005 0.107614 0.0741766
1 0.0904346 0.291067 0.100735 0.0934318
0 0.251535 0.869153 0.110318 0.0871925
0 0.93028 0.428969 0.0966389 0.0532747
1 0.580624 0.565393 0.109738 0.0788134
1 0.788141 0.691098 0.0576021 0.0457961
0 0.10573 0.876219 0.14149 0.114515
2 0.87327 0.79789 0.0724081 0.0464449
0 0.115331 0.656539 0.123384 0.104379
0 0.870001 0.795403 0.0798397 0.0521682
0 0.911992 0.875127 0.0581453 0.0425089
0 0.856002 0.545962 0.0694479 0.0481934
0 0.0310911 0.693901 0.0621822 0.0853836
2 0.106642 0.877188 0.141215 0.114569
1 0.517541 0.653355 0.0759962 0.0638021
