1 0.204961 0.706429 0.0975782 0.0754615
1 0.584156 0.913983 0.0866821 0.0734737
1 0.248547 0.635633 0.0729935 0.0539372
1 0.455977 0.273416 0.0690214 0.0498504
1 0.624201 0.332067 0.0755651 0.0669854
1 0.833088 0.486343 0.0589432 0.0387115
1 0.602817 0.629509 0.0384874 0.0217379
1 0.630635 0.585994 0.0524645 0.0353487
1 0.358617 0.272072 0.080486 0.0431956
1 0.322111 0.667147 0.0865758 0.0926781
1 0.516782 0.677681 0.04804 0.0426662
1 0.418432 0.717326 0.0793223 0.0659716
1 0.473945 0.754694 0.0656026 0.0510918
1 0.637565 0.588083 0.0707727 0.0418139
1 0.614827 0.850323 0.0477472 0.0361687
1 0.320631 0.643693 0.0837978 0.0482807
1 0.249425 0.62653 0.0720946 0.0370642
1 0.320062 0.682839 0.083455 0.0623363
1 0.320053 0.636556 0.0750409 0.035651
1 0.624538 0.317309 0.069771 0.0375192
1 0.545242 0.635573 0.0329821 0.0212995
1 0.711328 0.889434 0.0394718 0.0237247
1 0.114995 0.0218384 0.0240255 0.0157767
1 0.512652 0.681392 0.0427929 0.0338039
1 0.620162 0.349544 0.0615396 0.0314499
