1 0.947024 0.529191 0.0719505 0.047858
1 0.386387 0.207034 0.0792035 0.0524663
1 0.0846405 0.531202 0.0800216 0.0626526
1 0.46413 0.729118 0.119431 0.059918
0 0.193356 0.256303 0.0792569 0.0323182
0 0.379844 0.700054 0.0948338 0.0626545
1 0.976211 0.573113 0.0475616 0.0494811
1 0.948539 0.53516 0.0681801 0.0337227
0 0.551653 0.482841 0.0897936 0.0602404
0 0.517251 0.417885 0.121045 0.0659082
0 0.251725 0.424575 0.0905057 0.0541683
1 0.94141 0.301433 0.0657677 0.0394831
0 0.505535 0.652214 0.104805 0.0561907
1 0.881996 0.344646 0.0684376 0.0368253
0 0.531622 0.199846 0.0496563 0.0303496
