1 0.472058 0.119792 0.0300202 0.0190729
1 0.73417 0.742898 0.0791866 0.0550213
1 0.441827 0.55453 0.0521239 0.0357416
0 0.351411 0.44516 0.0547093 0.043492
1 0.580003 0.425179 0.0465023 0.0338839
1 0.647173 0.801285 0.0482659 0.0444746
1 0.797231 0.417781 0.0551359 0.0358074
1 0.737104 0.804113 0.0320829 0.0205383
1 0.413576 0.118197 0.0494468 0.0321078
1 0.798221 0.703893 0.0328572 0.0387722
1 0.20233 0.395844 0.0247933 0.0178543
1 0.107209 0.234492 0.0274736 0.0217007
1 0.867255 0.525456 0.0520565 0.0419509
1 0.216975 0.205523 0.0277722 0.0194828
