0 0.256853 0.684503 0.0248336 0.0312641
0 0.650329 0.90942 0.0195606 0.0255146
0 0.430355 0.294961 0.0204382 0.0271359
0 0.833899 0.760252 0.026313 0.0194999
0 0.274721 0.47085 0.0256973 0.0274242
0 0.0464621 0.806811 0.015025 0.0146692
0 0.986449 0.604884 0.0263044 0.0328321
0 0.6352 0.907416 0.0490101 0.0315666
0 0.135579 0.907245 0.0221035 0.0267906
0 0.81299 0.0441678 0.0192577 0.026927
0 0.113586 0.194969 0.016508 0.0262097
0 0.207988 0.220086 0.0198098 0.0230551
0 0.888324 0.319037 0.0172455 0.020064
0 0.0846566 0.930419 0.024468 0.0284927
