1 0.465041 0.627232 0.0351666 0.0216962
1 0.473193 0.670267 0.0437424 0.0288645
1 0.365923 0.567808 0.0298601 0.0231865
1 0.725781 0.16658 0.027635 0.0215811
0 0.899536 0.826353 0.095698 0.063719
1 0.810152 0.204577 0.0234146 0.024794
1 0.772422 0.193137 0.0322457 0.0199656
1 0.463199 0.713582 0.0305895 0.0189653
1 0.454252 0.6059 0.0354387 0.0163553
0 0.47638 0.551768 0.0445409 0.0317297
1 0.48668 0.58595 0.0412215 0.022636
0 0.914127 0.830399 0.0663452 0.0519856
1 0.731701 0.479981 0.0317255 0.0186675
