0 0.811352 0.764241 0.373409 0.228129
1 0.409537 0.516055 0.308007 0.166879
0 0.464942 0.905444 0.33333 0.189112
0 0.724465 0.562653 0.324182 0.169902
2 0.810453 0.764425 0.371551 0.231397
0 0.15796 0.683958 0.312165 0.226371
2 0.475147 0.684407 0.276606 0.163463
1 0.158994 0.684296 0.312466 0.228021
0 0.418431 0.0728488 0.177621 0.101088
0 0.742336 0.0907685 0.146013 0.0904054
0 0.474615 0.683007 0.273113 0.160408
0 0.967375 0.213616 0.0649624 0.0770206
2 0.463082 0.904052 0.335905 0.191896
0 0.937709 0.53198 0.124582 0.159282
0 0.593027 0.0594716 0.135879 0.0739496
0 0.172512 0.0694581 0.164247 0.0958564
0 0.271334 0.789213 0.241578 0.16195
0 0.92348 0.435991 0.151579 0.120189
0 0.596483 0.130068 0.143389 0.0753678
0 0.41752 0.169719 0.156838 0.0811988
0 0.0732084 0.136038 0.146417 0.104524
0 0.820019 0.220355 0.118033 0.0595434
0 0.926933 0.0266276 0.146133 0.0532552
2 0.926942 0.0274117 0.146116 0.0545613
2 0.593366 0.0597052 0.134726 0.0729736
2 0.156745 0.685072 0.31326 0.228658
2 0.722425 0.563836 0.319344 0.168066
1 0.466674 0.904415 0.33237 0.189302
2 0.072907 0.136744 0.145814 0.106032
0 0.166799 0.921954 0.28005 0.156092
0 0.409173 0.514315 0.30682 0.165876
0 0.435536 0.359658 0.286824 0.153661
0 0.591057 0.20947 0.137395 0.0776206
1 0.851748 0.155543 0.157502 0.0842039
0 0.682614 0.464686 0.219652 0.0814459
0 0.127299 0.324943 0.254142 0.148661
0 0.712229 0.331131 0.134204 0.0629915
1 0.271054 0.788103 0.240553 0.161524
0 0.208723 0.441871 0.202075 0.112119
