1 0.353574 0.547809 0.0840695 0.0469519
0 0.567741 0.447406 0.136817 0.0686372
1 0.136647 0.289269 0.104279 0.0615977
0 0.642461 0.389865 0.116511 0.06232
0 0.863781 0.883141 0.150159 0.0562881
0 0.841772 0.710109 0.0758776 0.0598845
0 0.740422 0.239104 0.0274435 0.0153047
1 0.694442 0.596239 0.081583 0.0430422
0 0.23535 0.163652 0.0334295 0.0193243
0 0.843559 0.943556 0.0887711 0.0466106
0 0.276756 0.143638 0.0323938 0.0188805
0 0.555915 0.158623 0.0341364 0.0161131
0 0.0329859 0.233196 0.0273452 0.0134972
0 0.902776 0.894148 0.0757893 0.0330849
1 0.694858 0.608247 0.0844402 0.0670593
