1 0.141859 0.594761 0.157992 0.0840345
1 0.664516 0.218954 0.0654037 0.0350366
1 0.77994 0.499689 0.111236 0.0605909
1 0.716872 0.194003 0.041408 0.031719
1 0.645857 0.855803 0.0853588 0.0634335
0 0.520497 0.577654 0.114368 0.0578573
1 0.71234 0.809954 0.128949 0.0754753
1 0.39198 0.145479 0.0521241 0.0270387
1 0.85817 0.0473887 0.0309765 0.0220181
1 0.370759 0.0498976 0.0412267 0.0271645
0 0.435357 0.387275 0.0784613 0.0438204
1 0.713596 0.408916 0.054755 0.0252515
1 0.0190251 0.58074 0.0380503 0.0857197
1 0.252108 0.347525 0.0309197 0.0314457
1 0.94421 0.122932 0.0612732 0.0335809
0 0.443613 0.383568 0.0964875 0.0536853
1 0.080245 0.448641 0.0994231 0.0620638
