1 0.443335 0.655196 0.0837594 0.0643278
1 0.437464 0.713002 0.0987228 0.0552414
1 0.589794 0.495464 0.112932 0.0764077
0 0.0666401 0.470719 0.0640315 0.0389942
0 0.688312 0.222148 0.113793 0.0663935
1 0.487321 0.93915 0.0944103 0.077239
1 0.372298 0.678954 0.0543401 0.0472452
0 0.584603 0.988882 0.0695303 0.0222368
0 0.625993 0.161792 0.0985416 0.0757723
1 0.494137 0.336032 0.073452 0.0538378
0 0.0785233 0.424736 0.0476891 0.0352814
1 0.140829 0.567902 0.043659 0.0295721
1 0.725218 0.289391 0.082392 0.0605516
0 0.639925 0.153721 0.0703114 0.0576364
