1 0.26626 0.748695 0.0653133 0.0474421
0 0.950715 0.559122 0.098333 0.0773801
0 0.588582 0.460877 0.120285 0.0776828
0 0.887857 0.685411 0.0494442 0.0337899
0 0.489759 0.754141 0.110136 0.0849783
0 0.040034 0.362891 0.0783422 0.0625778
0 0.194275 0.218249 0.176852 0.112036
1 0.103987 0.487159 0.0681921 0.0432541
2 0.489666 0.754254 0.111935 0.0853189
1 0.696555 0.0813349 0.0232862 0.0179004
2 0.194319 0.218584 0.177272 0.112975
0 0.456275 0.243507 0.0728683 0.0482857
0 0.392203 0.802577 0.130603 0.0876144
0 0.480569 0.63266 0.0476522 0.0388906
2 0.392127 0.801864 0.129812 0.0896916
0 0.776876 0.440076 0.047377 0.041667
2 0.385362 0.436791 0.0879159 0.0697815
0 0.968417 0.555976 0.0631653 0.0689438
0 0.383102 0.436124 0.0819247 0.0695229
