1 0.57288 0.674259 0.0392838 0.0278208
1 0.529946 0.693355 0.0420635 0.0326561
1 0.371658 0.867568 0.0469745 0.0382839
1 0.379013 0.578144 0.0518862 0.0329535
1 0.301557 0.355477 0.0642001 0.0439178
1 0.591608 0.979515 0.0302922 0.0252974
0 0.398788 0.529395 0.0551277 0.0393758
1 0.379012 0.908753 0.0477054 0.0318657
0 0.406492 0.407559 0.0618086 0.0378023
1 0.554419 0.826295 0.0270477 0.0200436
1 0.257636 0.255417 0.034369 0.0296228
2 0.39848 0.529283 0.0533956 0.0387811
1 0.420336 0.561686 0.0300119 0.0215705
2 0.405738 0.407812 0.061226 0.0381067
1 0.221169 0.29519 0.0705803 0.0444417
