1 0.742154 0.138094 0.057658 0.0386594
0 0.497086 0.0807559 0.0620125 0.0407293
0 0.490508 0.0411142 0.0473148 0.0317741
0 0.671892 0.525733 0.0843095 0.0613058
1 0.278087 0.494972 0.0445862 0.0341424
0 0.963238 0.81078 0.0718002 0.0265646
1 0.441105 0.126381 0.0392155 0.0293413
0 0.34277 0.622407 0.0318301 0.0215981
0 0.795904 0.171888 0.0448706 0.0311965
1 0.677834 0.837495 0.0470286 0.0350353
2 0.496023 0.0806704 0.0622354 0.0403526
0 0.791276 0.177562 0.0544849 0.0428047
1 0.40228 0.803014 0.0489204 0.0300673
0 0.663225 0.526895 0.0682408 0.0518455
