1 0.51061 0.609837 0.133979 0.0995535
1 0.365297 0.345716 0.0747496 0.0574391
1 0.436125 0.425967 0.0999808 0.0626806
1 0.230125 0.383335 0.0693626 0.047399
1 0.454508 0.428425 0.0611317 0.0593116
1 0.746939 0.0484301 0.027475 0.0186728
1 0.362327 0.416213 0.055216 0.0420625
1 0.597652 0.520548 0.0302456 0.0234325
1 0.572457 0.370128 0.0482101 0.031813
1 0.333921 0.388284 0.0523544 0.0314749
1 0.496698 0.279548 0.0558035 0.0400326
1 0.266431 0.304735 0.0349976 0.0224201
1 0.640196 0.567682 0.0640592 0.0521627
1 0.492718 0.274431 0.0640369 0.0493959
1 0.350425 0.42097 0.0759676 0.0529248
1 0.569654 0.273721 0.0561651 0.0477148
1 0.496126 0.287423 0.0397738 0.025501
1 0.983276 0.804713 0.0331425 0.0341111
1 0.340161 0.394679 0.0659687 0.0407249
1 0.0459868 0.855432 0.0484424 0.0338657
