0 0.474594 0.487382 0.0519106 0.0395137
1 0.691107 0.157607 0.0740229 0.048517
1 0.465694 0.743539 0.0618376 0.0365061
1 0.492477 0.544212 0.0531049 0.0275367
0 0.458567 0.488101 0.0853247 0.0410263
1 0.630965 0.149276 0.0421839 0.0271308
1 0.426422 0.467795 0.0558111 0.0311025
1 0.316734 0.580839 0.0531304 0.0252859
1 0.768359 0.370989 0.0599382 0.0353648
1 0.493403 0.539349 0.0633524 0.0334267
1 0.266055 0.764583 0.0434254 0.0231279
1 0.339588 0.482441 0.0511828 0.0249784
1 0.632293 0.144673 0.0485273 0.034673
