1 0.0548536 0.938906 0.109707 0.120617
0 0.626042 0.283307 0.160972 0.0872833
1 0.218255 0.129936 0.164715 0.0853653
2 0.939322 0.541844 0.121357 0.114772
2 0.348371 0.062387 0.197158 0.120682
1 0.0933527 0.782218 0.186705 0.187857
1 0.0300467 0.521025 0.0600934 0.125816
1 0.512977 0.659419 0.25199 0.154828
0 0.939338 0.542328 0.121324 0.117077
0 0.299674 0.597114 0.273261 0.143979
0 0.784753 0.167934 0.156264 0.0821689
0 0.569951 0.775945 0.207144 0.110058
0 0.327288 0.784545 0.282261 0.159198
2 0.253382 0.251927 0.203091 0.100909
0 0.782928 0.585549 0.16052 0.080702
0 0.116608 0.532122 0.157572 0.116794
1 0.737996 0.0620635 0.150579 0.088881
2 0.327949 0.784628 0.286423 0.163126
0 0.677954 0.870433 0.221763 0.113845
0 0.869698 0.796813 0.245967 0.127264
0 0.302426 0.984053 0.232103 0.0316185
1 0.123385 0.67747 0.178562 0.101276
2 0.678734 0.871133 0.226587 0.111524
0 0.465374 0.142482 0.172178 0.0922407
0 0.347518 0.0627617 0.187581 0.121697
0 0.768526 0.301056 0.123355 0.0760497
0 0.607067 0.389319 0.204168 0.115612
2 0.287051 0.595351 0.251904 0.146391
1 0.607694 0.38988 0.203249 0.115024
2 0.773704 0.711906 0.226789 0.128205
1 0.762959 0.484852 0.241912 0.128719
0 0.0725638 0.260164 0.145128 0.160108
1 0.442401 0.321106 0.25047 0.120676
0 0.403385 0.451028 0.174901 0.119942
2 0.915879 0.662377 0.168241 0.129375
0 0.0983285 0.392747 0.187949 0.100606
1 0.244869 0.354146 0.193811 0.0793741
0 0.768744 0.711642 0.220088 0.128278
0 0.916634 0.663549 0.166022 0.130995
2 0.0541936 0.0540937 0.108387 0.103288
0 0.629833 0.125164 0.159754 0.0967213
2 0.554827 0.0433188 0.184792 0.0864282
1 0.617011 0.961535 0.138171 0.076929
0 0.0308648 0.61445 0.0617295 0.0715609
2 0.609316 0.389848 0.207613 0.113803
0 0.0539097 0.0527919 0.107819 0.102169
0 0.125245 0.67599 0.176352 0.0981466
1 0.645385 0.616959 0.12677 0.101998
