1 0.908932 0.432817 0.181991 0.148626
0 0.182402 0.861895 0.31188 0.174833
1 0.393807 0.72233 0.276651 0.16998
0 0.937994 0.190542 0.124013 0.109762
0 0.682136 0.631734 0.162817 0.0796419
0 0.325686 0.344996 0.277039 0.130443
0 0.682473 0.18342 0.161312 0.0856284
0 0.959573 0.321511 0.0800896 0.0765255
0 0.393542 0.719833 0.276136 0.166512
0 0.52453 0.135691 0.167747 0.0996675
0 0.791595 0.356688 0.15885 0.0900808
2 0.563106 0.938554 0.232511 0.12194
1 0.902591 0.0712713 0.15526 0.102467
2 0.66311 0.766554 0.219995 0.139025
0 0.516173 0.303865 0.167226 0.0924428
0 0.115724 0.265892 0.226867 0.105313
1 0.324656 0.344469 0.277448 0.127325
0 0.154662 0.648607 0.303216 0.158738
0 0.964198 0.679788 0.0713589 0.138256
2 0.227166 0.0623909 0.214084 0.123573
0 0.755149 0.854029 0.24438 0.136849
0 0.107833 0.478457 0.215421 0.146356
0 0.349932 0.149485 0.18783 0.0986934
0 0.666258 0.320924 0.119678 0.0739147
0 0.453523 0.837931 0.227951 0.126646
2 0.883099 0.580735 0.201662 0.117737
1 0.538902 0.663833 0.129242 0.105456
0 0.44887 0.0454667 0.19514 0.0909333
1 0.663955 0.525286 0.253936 0.141755
0 0.226514 0.0617886 0.204584 0.123369
0 0.734935 0.0818498 0.10546 0.0954306
0 0.88286 0.580884 0.202477 0.117762
0 0.540217 0.664667 0.126102 0.103065
0 0.800881 0.0245176 0.164996 0.0490352
2 0.501379 0.422041 0.213827 0.121902
0 0.276073 0.484422 0.199552 0.130663
0 0.562902 0.938664 0.233468 0.122672
2 0.130911 0.644502 0.261577 0.159121
2 0.969904 0.873878 0.0601915 0.107695
0 0.679868 0.427076 0.144943 0.0685546
2 0.801052 0.0255471 0.170036 0.0510195
2 0.68236 0.18403 0.162279 0.0847542
1 0.637968 0.0748436 0.155287 0.0908368
0 0.901179 0.0713675 0.155953 0.102054
0 0.908616 0.433313 0.182768 0.150384
0 0.814259 0.139743 0.119808 0.0550214
