0 0.100385 0.988681 0.0230804 0.022086
0 0.197902 0.235099 0.0226342 0.0298959
1 0.533795 0.529746 0.0196641 0.0209028
0 0.0993522 0.0854447 0.026987 0.0358955
1 0.0296856 0.11125 0.0292392 0.0334151
0 0.293024 0.833656 0.0167002 0.0295931
0 0.166775 0.809375 0.0289411 0.0210001
0 0.724573 0.712293 0.0240715 0.0266384
0 0.558916 0.0885866 0.0212677 0.0349611
0 0.0944311 0.202101 0.0203731 0.0266052
0 0.145954 0.434818 0.0255827 0.0292068
0 0.43321 0.722799 0.017815 0.0229918
0 0.72086 0.713629 0.0317722 0.0319599
0 0.166667 0.064425 0.0212559 0.0305151
