1 0.405588 0.919165 0.329869 0.161671
0 0.497245 0.512574 0.318159 0.172985
0 0.18753 0.622674 0.345476 0.200435
0 0.469862 0.722339 0.383253 0.221621
1 0.188819 0.621946 0.344278 0.199918
0 0.162628 0.823983 0.290459 0.183067
2 0.496453 0.513509 0.314842 0.175456
1 0.947579 0.408339 0.104654 0.15683
0 0.740698 0.152687 0.170082 0.100888
0 0.284954 0.397776 0.271253 0.151994
0 0.72166 0.349446 0.23095 0.126702
0 0.731027 0.719184 0.219554 0.173824
0 0.600549 0.154256 0.129462 0.0805975
1 0.463704 0.922624 0.225174 0.154753
0 0.902193 0.748874 0.140044 0.118165
0 0.753696 0.86164 0.236047 0.129248
0 0.431325 0.0281865 0.143689 0.0563731
0 0.549418 0.0745921 0.149316 0.084765
2 0.470913 0.72292 0.383888 0.22527
0 0.924776 0.140419 0.150447 0.0821222
0 0.449707 0.137397 0.143703 0.0806942
1 0.712507 0.488494 0.234363 0.167216
0 0.116793 0.351704 0.233474 0.15226
2 0.404894 0.920089 0.323938 0.159199
2 0.947785 0.408745 0.10443 0.153127
2 0.286613 0.394167 0.284462 0.159838
1 0.360593 0.946006 0.245678 0.107988
2 0.554907 0.887727 0.13915 0.126376
0 0.221676 0.0813627 0.143767 0.0858302
2 0.432641 0.0288704 0.142681 0.0574767
0 0.116462 0.958685 0.232923 0.0826309
0 0.712713 0.489054 0.241304 0.16621
0 0.553141 0.886216 0.142484 0.124619
0 0.597041 0.0120068 0.155795 0.0240137
1 0.0246565 0.084642 0.049159 0.0656775
1 0.46779 0.72174 0.380502 0.22489
1 0.493843 0.364643 0.143782 0.108856
1 0.285674 0.397396 0.277405 0.152953
0 0.890241 0.595881 0.219518 0.176302
2 0.730481 0.718992 0.219474 0.169547
