1 0.616964 0.249873 0.296174 0.173321
1 0.210805 0.426386 0.310473 0.170064
0 0.403604 0.628368 0.276745 0.152389
0 0.816207 0.283237 0.188547 0.123891
0 0.274578 0.770102 0.291051 0.156378
0 0.653743 0.849474 0.194572 0.123098
1 0.398653 0.630404 0.272151 0.159299
0 0.131029 0.682919 0.262059 0.184448
0 0.208989 0.425577 0.308311 0.16978
0 0.256503 0.0618328 0.365357 0.123666
1 0.842009 0.435502 0.308714 0.163088
0 0.600636 0.532463 0.293633 0.168612
1 0.025425 0.409791 0.0508262 0.147877
0 0.560475 0.757671 0.258516 0.135914
1 0.0341834 0.585667 0.068358 0.150622
1 0.718675 0.658459 0.235034 0.151933
2 0.559262 0.756292 0.255003 0.14148
0 0.906978 0.706408 0.18322 0.120341
0 0.589265 0.3924 0.210798 0.104806
1 0.13084 0.936034 0.261681 0.127932
1 0.139516 0.187883 0.272317 0.155517
2 0.955683 0.825033 0.0877964 0.128243
0 0.558895 0.0742504 0.285375 0.148392
0 0.386476 0.184646 0.214179 0.127925
2 0.133058 0.932852 0.265818 0.134296
0 0.940467 0.185823 0.119065 0.153957
0 0.949544 0.948681 0.100835 0.102335
0 0.842439 0.435114 0.311483 0.160445
0 0.574219 0.9521 0.183717 0.0957998
0 0.957407 0.825382 0.085187 0.132522
2 0.652859 0.851442 0.189061 0.12601
0 0.0750351 0.831132 0.15007 0.106365
1 0.561121 0.0752162 0.285904 0.150432
2 0.387684 0.184418 0.216327 0.128016
0 0.439163 0.358798 0.197781 0.120209
0 0.808392 0.834984 0.22101 0.161476
0 0.130927 0.937084 0.261853 0.125832
2 0.0344739 0.586506 0.0687636 0.151562
1 0.13218 0.685055 0.26436 0.180705
2 0.598279 0.533495 0.293633 0.170228
