1 0.922489 0.429377 0.0326817 0.0256487
1 0.322646 0.322884 0.0342831 0.0213559
1 0.62334 0.374249 0.0419609 0.029305
1 0.577974 0.396021 0.0489454 0.0303517
1 0.876861 0.421383 0.0375473 0.0246014
1 0.560376 0.351806 0.0340008 0.0238096
1 0.441545 0.190389 0.0216223 0.0183927
1 0.353918 0.29068 0.0247404 0.021291
1 0.326524 0.741714 0.0182907 0.0197412
1 0.722276 0.367802 0.0343925 0.0223511
1 0.749776 0.351325 0.0265348 0.0185657
1 0.35043 0.742295 0.0287967 0.0223292
1 0.343574 0.748436 0.0249217 0.0142937
1 0.511689 0.621685 0.03403 0.0300671
0 0.220977 0.0822314 0.0363284 0.0223702
1 0.315247 0.252038 0.0318919 0.0203703
0 0.577026 0.536073 0.0364178 0.0180437
1 0.468494 0.57435 0.0307648 0.0251125
