0 0.261554 0.78502 0.222193 0.137363
2 0.38428 0.651529 0.191184 0.136908
2 0.261839 0.788494 0.222232 0.136723
0 0.943101 0.97472 0.111084 0.050559
2 0.465235 0.268296 0.158991 0.122063
0 0.652731 0.718215 0.0919003 0.0751049
0 0.386698 0.651498 0.190871 0.138127
2 0.344113 0.226054 0.137919 0.133368
0 0.917527 0.916663 0.134056 0.0844112
0 0.346299 0.973609 0.130284 0.0527818
2 0.918409 0.914883 0.132296 0.0805378
1 0.557288 0.632235 0.115976 0.0868977
2 0.557369 0.631754 0.116496 0.0873116
0 0.673098 0.610505 0.109168 0.0797119
0 0.55626 0.631275 0.114555 0.0855764
0 0.559088 0.57182 0.0799 0.0323022
0 0.343919 0.22689 0.140366 0.133544
