1 0.768203 0.804609 0.0805521 0.0422043
1 0.607137 0.426497 0.0729111 0.0337908
1 0.485805 0.206113 0.0589153 0.0458264
0 0.632179 0.703776 0.10238 0.0523756
1 0.48578 0.19731 0.0571885 0.0289892
1 0.606465 0.208718 0.0645182 0.0373725
1 0.671538 0.877725 0.0596222 0.0325958
1 0.884686 0.644608 0.0722258 0.0368145
1 0.472752 0.220931 0.0851232 0.0729911
1 0.832901 0.27718 0.0893242 0.0372385
1 0.37859 0.426246 0.0513451 0.0347507
1 0.9509 0.656554 0.0471704 0.0259007
0 0.421798 0.359421 0.091123 0.0671872
1 0.965466 0.36191 0.0227531 0.0204464
0 0.408091 0.349937 0.0642102 0.0513626
1 0.964541 0.36446 0.0263908 0.0204374
1 0.975524 0.160536 0.0381168 0.0218043
