1 0.549142 0.25317 0.0958877 0.0788251
1 0.294044 0.463496 0.0309616 0.0197126
1 0.734459 0.79052 0.0604961 0.0441533
1 0.224059 0.98137 0.0459916 0.0315445
1 0.32369 0.473304 0.0321793 0.0205602
1 0.686992 0.622841 0.0796417 0.0409374
1 0.0155671 0.837987 0.0304409 0.0242798
1 0.861181 0.677674 0.0505642 0.0358749
1 0.699935 0.568482 0.0938629 0.0631742
0 0.810222 0.784269 0.0877047 0.0529516
1 0.677822 0.623978 0.0574102 0.038237
1 0.144524 0.481005 0.0433128 0.0224541
0 0.491565 0.683909 0.0567377 0.0393884
1 0.284806 0.664121 0.0229615 0.0162374
1 0.099071 0.45665 0.0453873 0.0331179
1 0.937568 0.672824 0.0692337 0.0393137
1 0.715526 0.56931 0.062632 0.0587864
1 0.211099 0.665485 0.0274749 0.0221239
2 0.491452 0.684734 0.0566495 0.0401186
