1 0.344735 0.220977 0.0767299 0.0403844
1 0.0591123 0.0310169 0.0652796 0.0364586
0 0.585177 0.602215 0.069665 0.0342247
1 0.406619 0.242914 0.064529 0.0298594
0 0.24965 0.554731 0.0617732 0.0366491
1 0.0897017 0.1336 0.0486702 0.0293606
1 0.0365411 0.108283 0.0688894 0.0474932
1 0.395802 0.158014 0.0478576 0.0241774
0 0.463031 0.585379 0.0310847 0.0251212
1 0.390203 0.156304 0.0631122 0.0241905
0 0.773845 0.07505 0.0437281 0.0299711
1 0.434577 0.207258 0.0450413 0.0291912
1 0.598398 0.175359 0.0426369 0.0265347
0 0.189387 0.570145 0.0645817 0.0245091
0 0.902516 0.0950264 0.0229286 0.0145435
1 0.878352 0.445043 0.0489397 0.0291909
1 0.0150828 0.645548 0.0300666 0.0545624
