0 0.376308 0.443348 0.0888165 0.113551
0 0.44414 0.358841 0.0723065 0.102425
0 0.335459 0.29319 0.0903099 0.119527
0 0.57126 0.734843 0.0551801 0.0803885
2 0.335594 0.293231 0.0898328 0.119439
1 0.716119 0.781223 0.0691618 0.0689676
0 0.025334 0.56163 0.0506333 0.150679
2 0.0254031 0.5628 0.0508062 0.154975
0 0.509748 0.63144 0.0372433 0.0779335
0 0.778766 0.617497 0.0549227 0.0625603
0 0.527796 0.936194 0.0668079 0.0474472
2 0.376209 0.442131 0.0896577 0.109968
0 0.779108 0.607531 0.0479488 0.0425156
1 0.736834 0.775346 0.0297501 0.0447866
2 0.444618 0.358819 0.0713708 0.102298
