2 0.727245 0.672325 0.0584445 0.0715715
0 0.779951 0.707027 0.0497223 0.0518331
0 0.760889 0.402915 0.0504255 0.0881338
0 0.768991 0.632918 0.0494383 0.058954
0 0.816292 0.446125 0.0683193 0.0729244
0 0.946733 0.362682 0.0340698 0.0448563
0 0.650776 0.44072 0.0711364 0.0851315
1 0.315553 0.848904 0.0355952 0.0284094
0 0.727578 0.670733 0.0595268 0.0747993
0 0.704701 0.427541 0.0590199 0.103405
2 0.650312 0.440682 0.07079 0.0850411
2 0.704926 0.429294 0.0579905 0.102392
2 0.780654 0.707097 0.0496877 0.0511024
