1 0.66878 0.324613 0.0315083 0.022661
1 0.725453 0.314212 0.0533297 0.0387375
1 0.602082 0.476601 0.043399 0.0222115
0 0.960953 0.534647 0.0769218 0.0413019
1 0.737282 0.8907 0.0585681 0.0346018
1 0.591343 0.271021 0.0505607 0.0326294
1 0.555556 0.608134 0.0415421 0.0290718
0 0.313033 0.365954 0.0347698 0.0215557
1 0.870708 0.23548 0.0494915 0.0215798
1 0.792423 0.109022 0.0442368 0.0295576
1 0.553563 0.612579 0.050713 0.0404573
1 0.602974 0.983634 0.0395024 0.0221451
1 0.389333 0.30972 0.0208871 0.0258574
0 0.933333 0.933004 0.0755581 0.0436951
0 0.607036 0.418907 0.0506521 0.0454144
