1 0.251316 0.86244 0.0475662 0.0347164
0 0.768491 0.460378 0.0473747 0.0316559
0 0.544201 0.646511 0.0880501 0.0528536
0 0.771282 0.398189 0.0720361 0.0502998
1 0.25111 0.822895 0.0448931 0.0350849
0 0.691277 0.393724 0.0435614 0.0427155
0 0.378322 0.736815 0.124327 0.0884071
0 0.5466 0.223837 0.100513 0.0667225
0 0.185622 0.803693 0.0636285 0.0473166
0 0.944266 0.23797 0.026004 0.0170163
2 0.18534 0.803556 0.0642294 0.0472542
0 0.3968 0.573137 0.0590848 0.0382774
0 0.59512 0.826228 0.0737202 0.0579976
0 0.721369 0.47335 0.0431574 0.0311057
1 0.0486205 0.454788 0.0960441 0.0787325
0 0.745248 0.43867 0.0376518 0.0253757
0 0.535423 0.64988 0.0681545 0.0490939
0 0.495196 0.742429 0.0711311 0.0450172
0 0.597146 0.814722 0.0694454 0.0361711
0 0.048774 0.454275 0.0964816 0.0784325
2 0.37867 0.736932 0.123376 0.0896938
