1 0.6905 0.0880963 0.0385492 0.0317192
1 0.171852 0.247037 0.0471214 0.0341618
1 0.606016 0.0804036 0.0227165 0.0165622
1 0.212419 0.767458 0.05259 0.0352602
0 0.700122 0.557234 0.0404658 0.0276196
1 0.318861 0.639495 0.030514 0.0206307
0 0.332257 0.441062 0.0360654 0.0230085
1 0.353312 0.638364 0.0263258 0.0218485
1 0.0375516 0.192889 0.0444358 0.0314639
0 0.755389 0.179936 0.0451084 0.0295125
1 0.506016 0.76544 0.0523089 0.0342762
1 0.199964 0.807729 0.0602254 0.0350468
0 0.688369 0.0318833 0.043145 0.0324249
1 0.240021 0.239703 0.0582953 0.0400876
1 0.531209 0.801135 0.0458838 0.0293194
0 0.442414 0.706363 0.0691147 0.0489294
0 0.082312 0.408644 0.0667828 0.0438126
1 0.153697 0.102106 0.0739324 0.0388927
1 0.836962 0.0135713 0.0349041 0.0249828
1 0.843518 0.227265 0.0248732 0.0218784
1 0.749603 0.439164 0.0390934 0.0247414
1 0.9029 0.697999 0.0214148 0.0150799
1 0.512566 0.779426 0.0343846 0.0157511
