0 0.969589 0.485912 0.0307411 0.0268717
0 0.519175 0.509223 0.0330351 0.0226527
1 0.748788 0.293335 0.0220955 0.0160402
0 0.335836 0.511863 0.03855 0.024398
1 0.250387 0.613673 0.0371919 0.0241206
0 0.687969 0.72375 0.0340418 0.0222908
0 0.691232 0.726155 0.0282673 0.0185438
0 0.646865 0.74305 0.029725 0.0231756
0 0.795498 0.506279 0.0304361 0.0203764
1 0.0274648 0.799731 0.0379543 0.0227537
1 0.069588 0.820119 0.0325345 0.0237061
0 0.985839 0.546037 0.0257725 0.0241974
1 0.169351 0.531867 0.0395387 0.0232347
0 0.83028 0.599448 0.0253832 0.0170994
0 0.694749 0.756007 0.0311505 0.0262292
0 0.677545 0.720043 0.0533325 0.0278341
0 0.937916 0.542098 0.0257929 0.0216147
0 0.963333 0.554676 0.0204573 0.0143461
0 0.315442 0.237145 0.0261601 0.0169577
0 0.319759 0.238636 0.020972 0.015403
0 0.912876 0.411057 0.0313242 0.0213261
0 0.632429 0.7619 0.029802 0.02042
0 0.464135 0.493065 0.0222886 0.0165682
0 0.689559 0.753995 0.0348653 0.0294694
1 0.521059 0.0973423 0.0200674 0.0126156
0 0.987665 0.551006 0.0235947 0.0187149
