1 0.731617 0.448592 0.081776 0.0502737
1 0.63489 0.4258 0.0780996 0.0375388
1 0.352528 0.854405 0.113145 0.0677713
1 0.666897 0.937348 0.0545362 0.0399771
0 0.208295 0.373624 0.0358148 0.0184031
1 0.0180116 0.677343 0.0326821 0.0257624
1 0.134364 0.976674 0.056537 0.0401463
0 0.232601 0.713018 0.0800385 0.0473457
0 0.0366977 0.329079 0.0276654 0.0152216
1 0.748046 0.789397 0.0556554 0.0466919
0 0.287536 0.943003 0.0765788 0.045203
0 0.261331 0.680816 0.0872606 0.0423262
1 0.643278 0.427327 0.0584818 0.035611
1 0.658663 0.944704 0.034749 0.0241339
1 0.0119807 0.678978 0.0235875 0.0228876
1 0.730226 0.789074 0.0885887 0.0503841
