1 0.719066 0.826453 0.0646544 0.0554714
1 0.688109 0.338413 0.0375437 0.0270988
1 0.530733 0.806672 0.0492418 0.0369499
1 0.514805 0.840817 0.0406923 0.0233507
1 0.660406 0.842212 0.0310904 0.0187988
1 0.523157 0.811568 0.0333051 0.0284222
0 0.360988 0.707096 0.0473877 0.0339422
1 0.280136 0.739145 0.0242796 0.0162938
1 0.472764 0.42712 0.0241293 0.0218398
1 0.921244 0.235946 0.0275867 0.0169529
1 0.452144 0.677161 0.0190479 0.0166481
0 0.898323 0.888303 0.0202118 0.0185392
1 0.945369 0.266228 0.0250446 0.0190306
1 0.457113 0.426448 0.0462961 0.0256777
1 0.655848 0.351814 0.0288068 0.0149616
1 0.842042 0.145434 0.0486721 0.0365306
