1 0.712207 0.786636 0.0442924 0.0322952
1 0.61994 0.857119 0.0375705 0.025057
1 0.467045 0.242129 0.0181032 0.0137321
1 0.296435 0.555595 0.0318511 0.0215906
1 0.286078 0.368278 0.0285815 0.024013
0 0.505032 0.584636 0.0574862 0.0381502
1 0.299839 0.284835 0.0294641 0.017647
1 0.414256 0.552242 0.0458543 0.030025
2 0.504727 0.585039 0.058066 0.0380722
1 0.394137 0.553364 0.024789 0.0248564
1 0.579639 0.746246 0.017396 0.0151613
1 0.173464 0.600445 0.0392231 0.0237644
0 0.659425 0.463315 0.039999 0.0345327
1 0.169138 0.601374 0.028983 0.0205952
1 0.424089 0.552764 0.0272787 0.0259453
