1 0.454076 0.679668 0.147978 0.0831644
1 0.34253 0.660914 0.110853 0.0728446
1 0.500006 0.318923 0.163762 0.0870168
1 0.647785 0.360011 0.200922 0.101064
1 0.456564 0.549959 0.121242 0.0686058
1 0.279067 0.8326 0.117912 0.0682598
1 0.270195 0.835277 0.0997495 0.0557419
1 0.298502 0.449179 0.0920808 0.0586142
1 0.422149 0.399603 0.0905422 0.0551962
1 0.375711 0.462179 0.0826455 0.0625904
1 0.330663 0.449793 0.157616 0.0638706
1 0.147115 0.558727 0.0427065 0.0308264
1 0.155016 0.556696 0.0784204 0.0384005
