1 0.174248 0.328835 0.0548998 0.0867775
1 0.424718 0.274649 0.0498952 0.0708993
1 0.527971 0.23308 0.0649153 0.0628307
2 0.460881 0.740664 0.0761441 0.124799
0 0.559308 0.528241 0.0983873 0.0801937
0 0.484392 0.657924 0.0555641 0.0692871
0 0.540597 0.528618 0.0639654 0.0822048
0 0.598532 0.529797 0.0448221 0.0712336
0 0.733996 0.565534 0.15971 0.0639627
0 0.545453 0.387596 0.051278 0.0872199
1 0.431523 0.280661 0.052027 0.0546496
0 0.543111 0.54894 0.0728792 0.12042
0 0.798065 0.574973 0.0260647 0.0266018
