1 0.819548 0.987299 0.0322504 0.0229603
0 0.287881 0.868109 0.0524789 0.0330139
1 0.642022 0.327457 0.0231565 0.0165672
0 0.172441 0.755051 0.0792606 0.0429512
0 0.181357 0.966148 0.0861831 0.0495113
0 0.441464 0.462821 0.0437341 0.0251499
0 0.100858 0.797394 0.0979407 0.0480947
1 0.886265 0.0445907 0.0287228 0.0130333
1 0.531 0.292652 0.0506321 0.0239136
0 0.205831 0.542214 0.0653058 0.0360601
1 0.57536 0.3721 0.0363623 0.020133
0 0.442001 0.469145 0.0456179 0.0383064
1 0.619317 0.197791 0.0363266 0.0190755
0 0.427574 0.472609 0.074414 0.0465281
1 0.233839 0.243896 0.0273421 0.0147405
0 0.0937091 0.961431 0.0681164 0.0356543
1 0.861965 0.134673 0.0334671 0.0145798
0 0.328852 0.961866 0.0404062 0.0282425
1 0.67878 0.157694 0.0245123 0.0150566
