1 0.354209 0.641561 0.0588136 0.0377296
1 0.439483 0.657298 0.0452217 0.0292159
1 0.641664 0.52184 0.0613197 0.0353758
1 0.289167 0.801794 0.0653807 0.0458825
1 0.836313 0.36671 0.0238615 0.0168191
1 0.720169 0.8057 0.056929 0.0316193
1 0.813528 0.372031 0.0305243 0.0203132
1 0.346393 0.548912 0.0427314 0.0260815
1 0.398368 0.484597 0.0374131 0.0221918
1 0.831389 0.36928 0.036832 0.0194891
1 0.945674 0.577564 0.0327572 0.0216976
1 0.571495 0.569329 0.0637286 0.0410562
0 0.57178 0.569799 0.0633558 0.0414295
2 0.570945 0.569677 0.0642471 0.0411944
