1 0.9629 0.241129 0.0741991 0.0540974
1 0.967419 0.811738 0.0651619 0.049741
1 0.380058 0.432078 0.0553338 0.0334461
0 0.111567 0.824269 0.0600125 0.0339348
1 0.452073 0.80799 0.0922215 0.0682478
0 0.142736 0.913729 0.0676341 0.0505638
0 0.634728 0.299475 0.0601557 0.0358042
0 0.105201 0.896942 0.0568417 0.0463032
0 0.756516 0.245571 0.111977 0.0503832
0 0.585373 0.826931 0.0758442 0.0595066
0 0.166321 0.818933 0.0426218 0.0450291
1 0.254342 0.531922 0.0909487 0.0508785
1 0.968701 0.818881 0.0617779 0.0364136
