0 0.534935 0.521307 0.123659 0.0671455
1 0.382535 0.938454 0.102338 0.0580223
0 0.506015 0.352716 0.0997707 0.0644465
0 0.680478 0.450789 0.109454 0.0630428
0 0.988784 0.485407 0.0222588 0.0602985
1 0.496582 0.424132 0.0911523 0.0511119
0 0.43489 0.287929 0.0950776 0.0472626
0 0.36643 0.449365 0.0874084 0.0546044
0 0.875233 0.488561 0.101514 0.0636774
1 0.78323 0.576856 0.11318 0.062278
1 0.455375 0.468733 0.0923121 0.0483149
0 0.156772 0.179509 0.0878372 0.0421395
1 0.972826 0.150995 0.0542355 0.0962793
