1 0.398456 0.486187 0.0759228 0.0412573
0 0.557387 0.33393 0.114313 0.0546059
1 0.855999 0.971334 0.0908333 0.0522436
1 0.677486 0.48099 0.0693869 0.0316828
1 0.701893 0.846163 0.072222 0.0448315
1 0.212799 0.196658 0.0772304 0.0340824
0 0.619081 0.286576 0.0965586 0.0539165
0 0.873323 0.630476 0.0732796 0.0448166
1 0.0362616 0.453427 0.0565517 0.0359385
1 0.0326488 0.447032 0.0651591 0.0492249
0 0.421675 0.336599 0.123797 0.0625936
0 0.873127 0.784259 0.154245 0.067939
0 0.798396 0.73905 0.0783049 0.0506134
0 0.441748 0.338585 0.0803734 0.0621582
