1 0.16738 0.696416 0.0377642 0.0256372
0 0.54018 0.812135 0.0331532 0.0220984
1 0.361533 0.390282 0.022 0.0178988
0 0.584494 0.56196 0.0526397 0.0333187
1 0.41325 0.453138 0.0246088 0.0182423
1 0.0825044 0.528044 0.0225889 0.0166554
1 0.124495 0.753497 0.0284491 0.0204962
1 0.174588 0.378738 0.019122 0.0182638
1 0.118938 0.744884 0.0409573 0.0381561
0 0.167109 0.48693 0.0176388 0.0171773
1 0.847612 0.528313 0.024686 0.0182467
0 0.589287 0.681885 0.020817 0.0166353
2 0.584443 0.562097 0.0517881 0.0357664
