0 0.521558 0.733848 0.0461107 0.0329607
0 0.567037 0.627818 0.0462478 0.0415259
0 0.512065 0.386244 0.0654275 0.0381387
1 0.814614 0.319851 0.0356283 0.021017
0 0.252419 0.376029 0.101849 0.0597824
0 0.50287 0.598861 0.066371 0.0523043
0 0.57349 0.711677 0.0532761 0.0371661
0 0.162064 0.851084 0.109846 0.0768108
0 0.46741 0.68664 0.0474056 0.0333198
0 0.546038 0.680848 0.0468498 0.0333811
0 0.858544 0.277347 0.0323441 0.0239599
0 0.45934 0.746561 0.06034 0.0338565
0 0.834321 0.549628 0.0286814 0.0203356
0 0.708406 0.103296 0.0456429 0.0344431
0 0.51027 0.548264 0.042607 0.0329418
0 0.438443 0.594856 0.0516964 0.0511671
2 0.522136 0.733546 0.0445595 0.0327318
0 0.276104 0.692194 0.0373329 0.0299679
2 0.546113 0.680962 0.0462725 0.032337
0 0.905123 0.401754 0.0230385 0.0195968
2 0.504061 0.597413 0.0682566 0.0544604
0 0.400341 0.779884 0.0372432 0.0332602
0 0.760547 0.283207 0.0255687 0.0240262
