1 0.81699 0.176089 0.10424 0.0833993
1 0.439633 0.724419 0.116013 0.0953353
1 0.201323 0.212173 0.0744503 0.0488218
0 0.0415912 0.788663 0.0831825 0.0798293
1 0.429213 0.855098 0.137699 0.106239
1 0.615016 0.0196582 0.0959921 0.0389485
1 0.699932 0.0118711 0.0879528 0.0237421
1 0.159804 0.950487 0.0608403 0.0379055
0 0.75148 0.495236 0.125702 0.0944834
0 0.330652 0.680158 0.135054 0.106277
2 0.0419358 0.7889 0.0835115 0.0807421
0 0.429408 0.623352 0.0984554 0.0859879
2 0.753048 0.492872 0.123371 0.0934384
2 0.43025 0.620689 0.0974237 0.0831921
2 0.32995 0.679797 0.136503 0.106845
1 0.169573 0.785375 0.0806664 0.0499792
