0 0.157717 0.363351 0.311005 0.171382
1 0.229569 0.556584 0.371735 0.21676
0 0.484962 0.087539 0.264059 0.162167
0 0.231255 0.553457 0.372002 0.218316
1 0.457996 0.285157 0.309511 0.212232
1 0.191402 0.0892853 0.285839 0.169028
2 0.560084 0.629079 0.449074 0.261998
2 0.161348 0.364436 0.318571 0.172975
0 0.558636 0.626554 0.447088 0.269811
1 0.788833 0.820637 0.422333 0.258286
1 0.326817 0.223259 0.240041 0.141115
2 0.485272 0.0875209 0.270829 0.166896
2 0.353841 0.875984 0.45155 0.24669
0 0.0757382 0.931873 0.151476 0.136254
0 0.190859 0.0909951 0.281936 0.166656
0 0.960517 0.134558 0.0783394 0.112197
0 0.455787 0.285141 0.306413 0.211279
