0 0.91491 0.542866 0.163286 0.0994724
0 0.426137 0.635581 0.0984414 0.0693574
0 0.266136 0.465885 0.114349 0.0570426
0 0.757145 0.748893 0.182695 0.0953667
0 0.207518 0.372622 0.198086 0.126385
0 0.681877 0.973406 0.137471 0.0531887
0 0.38578 0.567118 0.0807925 0.044365
0 0.730987 0.771989 0.213734 0.142809
2 0.916718 0.543003 0.165386 0.0972063
0 0.249944 0.462855 0.078967 0.0483446
2 0.20713 0.37134 0.191273 0.125565
0 0.95006 0.552043 0.0998807 0.0841219
0 0.160353 0.469696 0.0980201 0.052879
