1 0.616865 0.667018 0.0285255 0.0212093
1 0.362759 0.0978276 0.0270692 0.0193284
1 0.592656 0.684353 0.0242468 0.0195523
1 0.600357 0.707555 0.029118 0.0196753
1 0.625446 0.69256 0.0270779 0.0202131
1 0.485105 0.226635 0.0325674 0.0266023
0 0.930603 0.954078 0.0331818 0.0255035
1 0.371712 0.0599085 0.0364389 0.0251748
1 0.0380252 0.571825 0.0758428 0.0626078
1 0.598081 0.697698 0.030201 0.0248287
1 0.622006 0.688565 0.0277925 0.0186959
0 0.909974 0.855848 0.0189924 0.0165697
0 0.797117 0.356643 0.0217369 0.0152181
1 0.600379 0.708943 0.0305943 0.0142609
