1 0.133739 0.473344 0.161229 0.100561
1 0.510836 0.328501 0.0943208 0.0562839
1 0.626195 0.0572435 0.145258 0.0837287
1 0.0266869 0.387414 0.0533196 0.0778521
1 0.599841 0.127863 0.0738029 0.0449261
1 0.496778 0.384688 0.0566655 0.0462317
1 0.289744 0.559424 0.101175 0.0518193
1 0.297844 0.511542 0.0857272 0.041431
1 0.632713 0.338034 0.125345 0.0645781
1 0.500612 0.0507339 0.118795 0.0929747
1 0.44883 0.40753 0.0589468 0.0426599
1 0.615118 0.341231 0.0842316 0.0569652
1 0.0457599 0.605271 0.0877877 0.081011
1 0.313028 0.514216 0.0557011 0.0373158
1 0.423021 0.127943 0.0784745 0.0643257
1 0.660236 0.332936 0.0677178 0.0427848
1 0.434151 0.123371 0.105116 0.0764361
1 0.443971 0.393424 0.067893 0.0707282
1 0.813894 0.264357 0.0493958 0.0350348
1 0.502448 0.0351666 0.1038 0.0588042
1 0.0186327 0.62744 0.0371584 0.0382872
1 0.636259 0.319043 0.120827 0.0794011
1 0.301064 0.00912868 0.0731633 0.0181144
