1 0.521301 0.533933 0.0778633 0.0606765
1 0.246657 0.919956 0.0840777 0.0507606
1 0.402191 0.709181 0.10315 0.072332
1 0.908544 0.851047 0.104102 0.0758431
1 0.25754 0.864709 0.0836076 0.0601326
1 0.322924 0.56395 0.0732398 0.0559328
1 0.781518 0.174609 0.0259142 0.0159857
1 0.0474251 0.372112 0.0475569 0.0265498
0 0.455954 0.401168 0.0859185 0.0554697
1 0.894823 0.643991 0.111609 0.0895336
1 0.187432 0.886215 0.0522533 0.0371727
1 0.899098 0.655431 0.100116 0.0648266
0 0.480049 0.46732 0.146671 0.0635954
0 0.619855 0.482835 0.0346568 0.0298811
1 0.987581 0.674212 0.024749 0.0414577
1 0.690873 0.574414 0.0953666 0.0748121
1 0.183006 0.829942 0.0587501 0.0587524
