2 0.470212 0.202296 0.184469 0.137749
0 0.446736 0.706491 0.169606 0.142632
0 0.467782 0.583234 0.12295 0.0937206
0 0.47025 0.200901 0.185174 0.13921
0 0.649807 0.779092 0.0901503 0.0631992
0 0.397714 0.834038 0.0793196 0.0617279
0 0.607084 0.735216 0.0731897 0.0588033
0 0.31755 0.677666 0.0877536 0.0973457
0 0.564346 0.810562 0.0754133 0.0474787
0 0.645463 0.656254 0.083032 0.0654753
0 0.388098 0.88684 0.0828249 0.0360432
2 0.645713 0.656514 0.08121 0.0654894
0 0.60068 0.626784 0.0500233 0.0544759
0 0.079311 0.785212 0.0421151 0.0313519
2 0.608084 0.735545 0.0709356 0.0582013
