1 0.710916 0.223535 0.0586493 0.0319643
0 0.273814 0.697162 0.0901322 0.0431295
0 0.106692 0.922977 0.0621626 0.0356876
0 0.13577 0.775769 0.0752421 0.0313024
0 0.430043 0.778854 0.0732932 0.0409595
0 0.0233848 0.849284 0.0457579 0.0365786
0 0.0595415 0.878361 0.031744 0.0162647
0 0.886613 0.751649 0.0376698 0.0285478
0 0.49908 0.297929 0.0818137 0.0429642
2 0.0237762 0.849023 0.0471242 0.0354191
0 0.756443 0.250143 0.0695936 0.033827
1 0.247931 0.893364 0.0540988 0.036941
0 0.0873774 0.933019 0.102103 0.0543577
1 0.350513 0.27879 0.0205077 0.0149948
0 0.866369 0.758649 0.0795826 0.0434285
1 0.536231 0.447221 0.0614696 0.0312804
0 0.74944 0.797735 0.0593137 0.0334087
0 0.632143 0.830582 0.0608074 0.0288567
0 0.599185 0.357377 0.0777302 0.0393895
0 0.292875 0.651973 0.0642457 0.0438368
1 0.835225 0.385992 0.0543594 0.0377431
1 0.193845 0.580178 0.0678222 0.045879
