1 0.56902 0.172088 0.0459079 0.0315014
1 0.793214 0.228167 0.0696356 0.0485314
1 0.527971 0.181123 0.0291805 0.0290996
1 0.774649 0.0298169 0.0645144 0.0429555
1 0.452126 0.534866 0.0456383 0.030209
1 0.421794 0.479608 0.059736 0.036986
1 0.451713 0.291684 0.0377729 0.0199392
1 0.665292 0.677719 0.0432053 0.0383686
1 0.498719 0.184228 0.0268362 0.0310056
1 0.660374 0.771533 0.0403477 0.0302744
1 0.514757 0.265021 0.0357163 0.0215476
0 0.503053 0.467273 0.0711057 0.0524387
1 0.464066 0.181931 0.0295522 0.0254122
1 0.633386 0.158358 0.0360413 0.0274271
