1 0.12646 0.800822 0.0983639 0.0734489
0 0.722539 0.529775 0.0363991 0.0358048
0 0.184287 0.580804 0.0961699 0.0713879
0 0.233824 0.393552 0.11836 0.0807578
1 0.699948 0.473006 0.0315341 0.0304768
0 0.46641 0.892177 0.062315 0.0455856
1 0.520713 0.195287 0.045551 0.0346375
0 0.321539 0.395026 0.0734655 0.0808472
0 0.70026 0.597726 0.041756 0.0293715
2 0.234089 0.394009 0.118428 0.081647
0 0.437751 0.22971 0.067868 0.042995
0 0.391213 0.920383 0.085602 0.0826164
0 0.547106 0.946878 0.0345213 0.0237587
2 0.184463 0.580249 0.0955527 0.0711351
1 0.54355 0.496602 0.0444561 0.0258354
0 0.730936 0.633571 0.0282104 0.0240181
0 0.683882 0.634014 0.0434697 0.0304521
2 0.436873 0.229399 0.0667572 0.0438818
0 0.832398 0.691395 0.0231943 0.0173326
0 0.556628 0.946287 0.0555112 0.0258711
0 0.476641 0.892831 0.0427475 0.043821
0 0.694429 0.63309 0.0646205 0.028301
