0 0.0907968 0.684759 0.0264457 0.0293372
0 0.471676 0.75931 0.0172569 0.0193403
0 0.514277 0.916348 0.0413569 0.0251268
0 0.461904 0.755618 0.0321409 0.0230883
0 0.517243 0.912569 0.0360614 0.0282389
0 0.490758 0.17827 0.0196344 0.0317109
0 0.496252 0.284911 0.0167408 0.0268745
0 0.259664 0.285768 0.0230243 0.0289978
0 0.240307 0.211429 0.0174311 0.0375335
0 0.888721 0.370967 0.0182194 0.0257276
0 0.759351 0.762739 0.030176 0.0193933
1 0.446223 0.489628 0.0216869 0.0257929
0 0.892939 0.233847 0.028602 0.022533
0 0.585586 0.784374 0.0299177 0.0290943
0 0.555452 0.727572 0.018265 0.0203142
0 0.466386 0.757348 0.0281212 0.0217723
1 0.547112 0.0654865 0.0193136 0.0261215
