1 0.336036 0.503333 0.0435232 0.0198372
1 0.238269 0.253955 0.0683571 0.0373817
0 0.339816 0.590829 0.065869 0.0328226
1 0.538995 0.358534 0.0515738 0.02392
0 0.354058 0.590132 0.0443095 0.0295872
1 0.243792 0.802295 0.0448342 0.023819
1 0.0282762 0.465843 0.0395101 0.0292217
0 0.509137 0.430924 0.0341661 0.0238002
1 0.050734 0.0757076 0.023289 0.0158039
0 0.388631 0.59622 0.029484 0.0286614
1 0.516368 0.330381 0.031786 0.0154797
0 0.614014 0.439084 0.0283912 0.0214699
1 0.245465 0.244304 0.0327067 0.017295
1 0.532681 0.609201 0.0281592 0.019084
