1 0.820377 0.512599 0.106376 0.05936
0 0.653609 0.454927 0.0781818 0.0335891
1 0.963698 0.511117 0.0618876 0.0349457
1 0.573624 0.682582 0.0666264 0.0383886
0 0.4791 0.340568 0.0905329 0.054947
0 0.347391 0.411232 0.0542853 0.0426705
0 0.96424 0.39623 0.070927 0.0919736
0 0.976426 0.385846 0.0471245 0.0723284
1 0.271544 0.386222 0.0288404 0.019519
0 0.305663 0.476903 0.0825541 0.0404209
1 0.1488 0.596985 0.0464244 0.0295953
1 0.152787 0.602035 0.0551486 0.0383244
1 0.934936 0.466233 0.0979292 0.0466846
