1 0.528418 0.195297 0.129516 0.0726167
1 0.128715 0.640223 0.102614 0.0713495
1 0.0329765 0.547718 0.0659529 0.0974747
1 0.527205 0.426268 0.0915441 0.0657967
1 0.495158 0.256928 0.0688383 0.0390894
1 0.340856 0.062666 0.0947075 0.0698157
1 0.417114 0.181351 0.107551 0.0838926
1 0.390561 0.41223 0.106207 0.0580176
1 0.148764 0.587831 0.0902153 0.0382536
1 0.164399 0.587626 0.0614857 0.0387781
1 0.344355 0.0520128 0.087011 0.0466663
1 0.349722 0.22767 0.123361 0.078925
1 0.256534 0.107987 0.0576442 0.0342949
1 0.463785 0.467814 0.0923981 0.0523788
1 0.317555 0.479108 0.0881831 0.0648059
1 0.0445724 0.608547 0.0772386 0.0354227
1 0.28263 0.382401 0.0559316 0.0381612
1 0.281943 0.388607 0.0517188 0.0250327
1 0.337308 0.238673 0.0908936 0.0597948
1 0.397 0.418516 0.0917617 0.0456249
1 0.0310956 0.562459 0.0621911 0.0652315
