1 0.0387484 0.46183 0.0774521 0.134941
2 0.954513 0.46879 0.0904644 0.156806
0 0.0728078 0.686345 0.145616 0.128748
2 0.0731572 0.687378 0.146314 0.132741
2 0.925989 0.632488 0.148022 0.18087
0 0.329948 0.414587 0.288383 0.148819
1 0.194204 0.542979 0.243175 0.143771
1 0.583537 0.288425 0.273703 0.160243
2 0.280723 0.672043 0.261188 0.152368
0 0.954172 0.467502 0.0912781 0.155347
1 0.433083 0.927916 0.169281 0.0827267
0 0.329157 0.278575 0.236689 0.144469
0 0.282384 0.670274 0.257393 0.147732
0 0.896234 0.856815 0.207532 0.197117
2 0.0456451 0.193304 0.0912901 0.126981
0 0.92408 0.633351 0.151841 0.183018
1 0.185815 0.213777 0.211484 0.113443
0 0.464116 0.561526 0.282326 0.15806
1 0.330937 0.27369 0.242742 0.135808
2 0.465646 0.563741 0.282552 0.161736
2 0.108039 0.324356 0.21599 0.150211
0 0.186981 0.213969 0.203945 0.117963
0 0.423418 0.811836 0.293387 0.164966
0 0.0455003 0.193009 0.0904666 0.125965
0 0.108988 0.324755 0.217976 0.151736
