1 0.363389 0.0884598 0.295147 0.175811
1 0.646129 0.755038 0.331675 0.199322
2 0.393778 0.577601 0.430329 0.248601
0 0.391373 0.579374 0.436651 0.251057
0 0.774961 0.86238 0.283463 0.173223
0 0.511074 0.297172 0.290929 0.170911
0 0.155732 0.394019 0.310648 0.222774
2 0.774996 0.863272 0.288682 0.173738
0 0.715852 0.548048 0.193892 0.120563
0 0.290708 0.801439 0.358195 0.203052
0 0.773112 0.642976 0.138962 0.0541128
1 0.0988644 0.648362 0.197729 0.279631
1 0.292004 0.801789 0.354805 0.20772
0 0.686367 0.418976 0.1507 0.103969
2 0.510007 0.296097 0.290946 0.172901
2 0.154741 0.393652 0.309483 0.231332
2 0.477641 0.569121 0.274941 0.217864
