1 0.394179 0.367641 0.0404864 0.0322459
1 0.96063 0.430666 0.0236233 0.0160065
1 0.692687 0.504183 0.0343299 0.0182268
1 0.895786 0.451105 0.0388735 0.0243875
1 0.381107 0.317523 0.0315124 0.0189626
1 0.855957 0.445637 0.0335567 0.0276412
1 0.464976 0.44093 0.0562943 0.0433487
1 0.901249 0.452107 0.0265152 0.0222567
1 0.333501 0.378496 0.0442964 0.0262267
1 0.18104 0.382813 0.0343173 0.0236127
1 0.341059 0.375896 0.0546789 0.030655
1 0.88432 0.480771 0.0324177 0.0188937
1 0.525369 0.416791 0.0212865 0.0213756
1 0.471532 0.451989 0.0379797 0.0242132
1 0.145246 0.576466 0.0323908 0.0228432
