1 0.723278 0.773736 0.0372299 0.0294985
1 0.563719 0.596727 0.0550514 0.039453
1 0.648279 0.568604 0.0378554 0.0243402
1 0.439541 0.157272 0.0390377 0.0344498
1 0.254684 0.228692 0.0658087 0.0408952
1 0.591769 0.522145 0.0441905 0.0319851
1 0.459733 0.217723 0.024296 0.0192275
1 0.198592 0.314293 0.0325009 0.0231856
1 0.0357915 0.702551 0.0418305 0.0239237
1 0.598958 0.584482 0.0558889 0.0392881
0 0.419794 0.711684 0.0798191 0.0497664
0 0.510326 0.580635 0.0611139 0.0485867
1 0.492055 0.25438 0.0271111 0.0204
0 0.39426 0.318553 0.0389597 0.0322595
1 0.0310824 0.732174 0.0445377 0.0311004
1 0.0324856 0.718422 0.0488235 0.0380301
