1 0.942129 0.488454 0.0747227 0.032359
1 0.6747 0.593889 0.0490906 0.028684
1 0.264779 0.903215 0.0754647 0.0540646
1 0.306428 0.596392 0.086469 0.0467875
1 0.237254 0.238242 0.0967825 0.0509294
0 0.873223 0.23534 0.0442429 0.0196451
0 0.0865254 0.459146 0.071536 0.0324019
0 0.725644 0.184505 0.030592 0.0159253
0 0.180635 0.445523 0.0675834 0.0337305
1 0.155552 0.207214 0.0728984 0.0474076
1 0.917861 0.618463 0.0818069 0.0396467
0 0.604026 0.81682 0.149067 0.046422
1 0.509765 0.229839 0.0275647 0.0164783
1 0.150802 0.202914 0.06355 0.0379368
1 0.838654 0.90818 0.0479309 0.0252235
0 0.767042 0.610642 0.0782732 0.0360173
1 0.745606 0.583683 0.0400827 0.0203228
0 0.0802201 0.656376 0.0413035 0.0322359
