1 0.0879306 0.511566 0.175861 0.141078
0 0.190456 0.0544025 0.249367 0.108805
0 0.688945 0.646647 0.148027 0.0529521
2 0.46303 0.645554 0.183067 0.15535
1 0.389826 0.0761962 0.188023 0.147953
0 0.462424 0.644713 0.180695 0.158162
0 0.355689 0.55373 0.155045 0.0757655
1 0.145203 0.927168 0.0649221 0.0456078
0 0.134422 0.375114 0.215438 0.115258
2 0.191112 0.0544098 0.245488 0.108304
0 0.68689 0.606852 0.153502 0.137082
0 0.185115 0.370272 0.113793 0.103754
0 0.664013 0.773849 0.0627716 0.0417081
2 0.354249 0.563012 0.158456 0.0931754
2 0.388414 0.0760675 0.180233 0.146524
