1 0.044355 0.587521 0.0885674 0.0899527
1 0.948746 0.055549 0.0551821 0.0346379
1 0.0172612 0.660251 0.0341651 0.0541939
1 0.949863 0.563671 0.0528616 0.0394223
1 0.0833119 0.348786 0.112178 0.0705721
1 0.740263 0.696403 0.0715437 0.0482775
1 0.947462 0.396877 0.0670578 0.0394451
1 0.0891862 0.569308 0.0513853 0.0466654
0 0.546776 0.495308 0.066004 0.055369
1 0.670578 0.659468 0.045236 0.0338461
1 0.667113 0.655941 0.0527254 0.0417808
0 0.149879 0.898085 0.108394 0.0730864
1 0.660608 0.646444 0.0663097 0.0594625
0 0.523509 0.497222 0.111327 0.0574108
1 0.631902 0.526257 0.0523279 0.0420569
0 0.552684 0.489379 0.0549841 0.044236
0 0.415585 0.834343 0.116319 0.0636303
0 0.784739 0.544337 0.0315005 0.0195612
0 0.161947 0.882491 0.0793555 0.0428631
1 0.963112 0.174568 0.0468067 0.0353289
