1 0.511336 0.603449 0.0742023 0.0454203
1 0.407275 0.676251 0.0683897 0.0408468
0 0.365387 0.634214 0.0943021 0.0562313
0 0.305409 0.549538 0.0908655 0.046703
0 0.840216 0.580844 0.045306 0.0231194
0 0.912247 0.609534 0.070714 0.0321767
0 0.487496 0.317854 0.0859151 0.0690387
0 0.826779 0.65642 0.0746899 0.0321115
1 0.11763 0.942428 0.0782544 0.0481367
1 0.632556 0.85684 0.0743448 0.0506489
1 0.629711 0.0522951 0.0503429 0.0259741
0 0.488654 0.330719 0.0667322 0.0407707
1 0.878794 0.386562 0.0352907 0.0207331
1 0.984468 0.515979 0.030809 0.043297
