1 0.382538 0.284026 0.318576 0.172959
0 0.176389 0.654352 0.344278 0.224055
0 0.552484 0.530119 0.30764 0.173398
1 0.551363 0.531232 0.308237 0.174538
0 0.244049 0.442813 0.361553 0.17404
0 0.46934 0.744326 0.344385 0.190923
0 0.726657 0.440709 0.19616 0.162235
2 0.187265 0.65266 0.361079 0.224343
1 0.0806177 0.258962 0.161235 0.168967
0 0.813559 0.601225 0.274047 0.149691
1 0.687725 0.781873 0.225848 0.153257
0 0.532216 0.396997 0.202315 0.100197
1 0.711889 0.205339 0.166687 0.143259
0 0.378365 0.282086 0.319334 0.171105
0 0.158042 0.86351 0.278726 0.174861
2 0.470237 0.743241 0.346695 0.192741
1 0.162775 0.862733 0.278443 0.173163
1 0.726262 0.876161 0.117866 0.064102
2 0.72478 0.442323 0.198058 0.157541
0 0.025783 0.959714 0.051566 0.0805714
1 0.0156376 0.870494 0.0310506 0.150984
2 0.891111 0.823466 0.217777 0.14868
0 0.89048 0.82346 0.21904 0.150443
2 0.033868 0.539554 0.0676171 0.151733
