0 0.731756 0.772844 0.0327574 0.0187326
0 0.789308 0.749705 0.0355822 0.0190708
0 0.721892 0.822173 0.0348702 0.0192513
0 0.930806 0.73833 0.031152 0.0199169
0 0.822939 0.24603 0.0745194 0.0364764
0 0.256912 0.535655 0.0662869 0.0411736
0 0.0724181 0.51977 0.044386 0.0277016
1 0.168739 0.455561 0.0461989 0.0204371
0 0.0661759 0.521023 0.0618776 0.0281763
1 0.0528729 0.122681 0.0383518 0.0235741
0 0.496108 0.584036 0.0636826 0.0359383
0 0.922002 0.679639 0.0676006 0.0367428
0 0.880702 0.790261 0.0531612 0.0220829
0 0.792239 0.783961 0.0284224 0.0160578
0 0.927429 0.735844 0.039259 0.021294
0 0.730371 0.766953 0.0416935 0.0303137
