0 0.135313 0.970067 0.055828 0.0327248
0 0.519971 0.757171 0.064946 0.0334179
0 0.411018 0.941635 0.0414782 0.0356121
0 0.320007 0.375719 0.106693 0.0388479
0 0.145897 0.793343 0.0536931 0.0335953
0 0.369355 0.335569 0.0769366 0.0376382
2 0.369341 0.335185 0.0762071 0.0400089
0 0.305958 0.167437 0.0991615 0.0540633
0 0.131036 0.521808 0.0466682 0.0308343
0 0.318957 0.176508 0.125924 0.0762995
0 0.391031 0.710495 0.0798692 0.0413857
0 0.404118 0.602319 0.0524103 0.0273914
0 0.257913 0.626691 0.045567 0.0239409
0 0.114423 0.520394 0.0792297 0.0405076
0 0.577873 0.598289 0.0598262 0.0268883
0 0.385406 0.65891 0.0715344 0.0439037
0 0.298598 0.378491 0.0622575 0.0417807
2 0.389977 0.7103 0.0821167 0.0409147
