0 0.39501 0.765521 0.0322367 0.0273806
0 0.468493 0.455521 0.0366163 0.0255737
0 0.528572 0.556367 0.0275389 0.0229073
0 0.0739224 0.522442 0.0538848 0.0325753
0 0.508066 0.574371 0.0310806 0.0188025
0 0.323268 0.825464 0.0403539 0.0269489
0 0.658672 0.401125 0.0304518 0.0341537
0 0.338232 0.795747 0.0428576 0.0327173
1 0.342599 0.174942 0.031531 0.021453
0 0.813188 0.14824 0.0293613 0.0194258
1 0.458003 0.158774 0.0221704 0.0154975
0 0.581641 0.320833 0.0336164 0.0231381
0 0.147906 0.547166 0.0401082 0.0287859
0 0.393741 0.760428 0.0309214 0.0197346
0 0.63359 0.460658 0.0237202 0.03606
1 0.426525 0.342367 0.0222507 0.0190939
0 0.685978 0.467134 0.0287914 0.0205654
0 0.490835 0.427286 0.0209064 0.0155872
1 0.839021 0.241425 0.0267015 0.0225959
0 0.935755 0.224745 0.0287186 0.0190135
0 0.429314 0.619221 0.0145417 0.0153102
0 0.671801 0.328212 0.0266865 0.0201604
