0 0.381041 0.622808 0.0820303 0.0853121
0 0.607881 0.848025 0.0572238 0.0445766
0 0.605999 0.253805 0.072254 0.0531995
0 0.486691 0.696649 0.122276 0.0816645
0 0.753912 0.739562 0.108765 0.0662378
0 0.762928 0.579893 0.0884125 0.0645014
1 0.626642 0.671003 0.0603037 0.0468452
0 0.647626 0.749544 0.0986048 0.07118
0 0.38148 0.53209 0.0994915 0.070147
2 0.763398 0.580405 0.089255 0.0642151
2 0.381601 0.531733 0.0995391 0.0694593
2 0.607989 0.848022 0.0573122 0.0439331
0 0.366623 0.296882 0.158127 0.121318
0 0.449371 0.215013 0.145181 0.103599
0 0.565568 0.354924 0.0747743 0.0570251
2 0.460183 0.619739 0.087372 0.0642693
0 0.460715 0.620827 0.0915029 0.0635349
2 0.606724 0.254478 0.0703061 0.0527899
0 0.59367 0.590673 0.0689459 0.0425564
0 0.703118 0.667409 0.0956165 0.0632368
0 0.717166 0.545693 0.0734346 0.0584591
0 0.0187157 0.488695 0.0374314 0.0629306
