0 0.370577 0.172909 0.0469428 0.0352688
1 0.219517 0.288749 0.0211348 0.0241226
0 0.536292 0.637123 0.0220643 0.0292194
0 0.699716 0.26262 0.0226173 0.0270681
0 0.836991 0.753083 0.0335278 0.0320255
0 0.856003 0.871946 0.0406967 0.0198189
0 0.285669 0.285123 0.024771 0.0303076
0 0.836595 0.748145 0.0272484 0.0210821
1 0.86704 0.453235 0.0174671 0.0217707
0 0.358241 0.869432 0.0205144 0.0272598
1 0.28869 0.0960673 0.0149347 0.0258099
0 0.067317 0.0411819 0.0208636 0.0363228
0 0.38164 0.173365 0.0205049 0.0311562
0 0.269632 0.0305182 0.0209301 0.0226077
