1 0.392298 0.508658 0.0588341 0.0373379
0 0.592455 0.612832 0.07589 0.0485482
0 0.478597 0.419602 0.112553 0.0567617
0 0.356616 0.678449 0.0557205 0.0301527
0 0.138273 0.274969 0.068871 0.0359352
0 0.373826 0.802956 0.0858082 0.0646847
0 0.405304 0.946261 0.0559305 0.0335163
1 0.309463 0.573257 0.0766482 0.0486095
2 0.591008 0.612457 0.0773701 0.0492737
0 0.262178 0.519812 0.0634383 0.0379498
0 0.603239 0.670122 0.0710115 0.0530545
0 0.320801 0.737352 0.0704734 0.038319
0 0.313663 0.849245 0.0603165 0.0364517
