1 0.773735 0.175967 0.0603135 0.0314925
1 0.519991 0.321589 0.052495 0.0253458
1 0.420311 0.0327428 0.0519979 0.0317724
1 0.219377 0.266077 0.0431435 0.0246714
1 0.950117 0.153247 0.0297291 0.0230558
1 0.755729 0.477707 0.0287258 0.0219935
1 0.164511 0.281591 0.0259828 0.0203882
0 0.665681 0.375648 0.0592933 0.0308312
1 0.389769 0.381173 0.0550414 0.0289664
1 0.201948 0.292931 0.055087 0.0298066
1 0.204873 0.286962 0.0603106 0.0387692
0 0.585604 0.466115 0.0405548 0.0322816
1 0.399558 0.657643 0.0476956 0.0276467
0 0.652127 0.373868 0.0304829 0.0191209
0 0.532852 0.443481 0.0680048 0.0298451
