1 0.971486 0.507068 0.0566973 0.0477016
1 0.771232 0.902085 0.123917 0.0763721
1 0.939656 0.540093 0.0722607 0.0442062
1 0.737213 0.687955 0.102079 0.0762898
1 0.974987 0.835141 0.0494431 0.0400927
0 0.405854 0.479711 0.0684473 0.0344534
1 0.973569 0.827075 0.0524822 0.0627472
1 0.558117 0.502021 0.0500643 0.0253019
1 0.166725 0.514613 0.0333635 0.0220224
1 0.603445 0.518493 0.0385797 0.0322052
1 0.72901 0.685508 0.0822998 0.0659239
1 0.139007 0.879539 0.0407434 0.0234497
1 0.249413 0.510428 0.0428103 0.0212677
1 0.685404 0.554687 0.0277645 0.0203306
