1 0.404767 0.400479 0.0852954 0.0453857
1 0.610584 0.802439 0.0785007 0.0434462
1 0.211964 0.167121 0.0982178 0.068235
1 0.50383 0.872934 0.0507924 0.0305254
0 0.446889 0.717949 0.120561 0.0619185
1 0.21395 0.113801 0.0768222 0.0415363
1 0.669452 0.21113 0.097253 0.0437457
1 0.812114 0.0743865 0.0939619 0.0449272
1 0.816123 0.315459 0.0264072 0.0209587
1 0.798433 0.652562 0.0543808 0.02949
1 0.728283 0.639167 0.0733796 0.0392836
1 0.534058 0.166775 0.0309349 0.0216567
1 0.156487 0.389051 0.0586789 0.0405256
0 0.285031 0.330887 0.0606803 0.0395906
0 0.17549 0.29199 0.0637306 0.0603591
0 0.215894 0.32483 0.071125 0.05102
1 0.231941 0.147096 0.140956 0.108177
1 0.211471 0.148291 0.0977455 0.107469
