0 0.573739 0.404124 0.0522078 0.0384978
1 0.96244 0.407407 0.0272161 0.0184173
0 0.72783 0.835293 0.0400156 0.0276972
0 0.876076 0.459331 0.031819 0.0222431
0 0.66613 0.859613 0.0369283 0.0259705
0 0.821597 0.478688 0.0283581 0.0213305
0 0.51268 0.695127 0.0570614 0.0352983
0 0.146313 0.592182 0.0195929 0.0349139
0 0.322137 0.623659 0.0626945 0.0313813
1 0.313897 0.658867 0.0476279 0.0323128
0 0.387498 0.425394 0.0366785 0.0295717
0 0.665655 0.480499 0.0348199 0.0255863
1 0.721734 0.405766 0.037258 0.0269192
0 0.269792 0.666887 0.0406247 0.0299265
