1 0.317712 0.664472 0.12231 0.0736998
0 0.87582 0.587048 0.0489559 0.0409272
0 0.954724 0.602768 0.0719261 0.0473478
0 0.540265 0.927989 0.119326 0.0901772
2 0.539936 0.927381 0.116823 0.0912914
0 0.773583 0.435112 0.0970312 0.0609676
0 0.564542 0.749729 0.0493956 0.0468261
0 0.884228 0.660881 0.037956 0.0301313
2 0.874912 0.587235 0.0467857 0.0420684
0 0.691213 0.830271 0.0863074 0.0572918
0 0.922251 0.63588 0.04739 0.0303988
2 0.953864 0.60314 0.0694853 0.0500185
0 0.63067 0.930791 0.0559717 0.0461639
1 0.373891 0.969327 0.0571674 0.0402397
