1 0.218993 0.408483 0.380127 0.207138
0 0.503656 0.719642 0.269789 0.160727
1 0.202201 0.632785 0.402402 0.219924
0 0.221277 0.406313 0.38182 0.200039
1 0.0325293 0.505457 0.0647893 0.149689
0 0.541386 0.491804 0.301321 0.160124
2 0.965024 0.451373 0.0695997 0.144051
2 0.540428 0.491831 0.302135 0.160095
1 0.941102 0.614297 0.117795 0.15612
0 0.462032 0.208764 0.360957 0.206165
0 0.551629 0.368986 0.273733 0.12238
0 0.116064 0.825917 0.232127 0.232151
1 0.389057 0.863855 0.298906 0.186136
0 0.965048 0.451134 0.0695889 0.144064
2 0.501903 0.721119 0.265545 0.161956
2 0.936381 0.780835 0.127237 0.185671
2 0.941899 0.613951 0.116202 0.155752
2 0.116987 0.826393 0.233974 0.235286
0 0.936369 0.780155 0.127262 0.183117
2 0.22069 0.408236 0.378011 0.205411
2 0.466336 0.207045 0.354152 0.203086
0 0.160033 0.231927 0.267751 0.147719
1 0.456908 0.206309 0.356069 0.206215
