1 0.77541 0.631706 0.288709 0.178455
0 0.203338 0.763771 0.288518 0.168883
0 0.575401 0.755396 0.278607 0.153723
0 0.0862772 0.440725 0.172554 0.160478
0 0.774261 0.629836 0.283248 0.180712
2 0.0856503 0.442693 0.171301 0.158797
2 0.123355 0.615155 0.24509 0.135643
2 0.952928 0.669369 0.0938383 0.166726
1 0.569206 0.931652 0.371574 0.136695
0 0.202673 0.152174 0.141322 0.0749335
2 0.533136 0.127881 0.135715 0.090824
0 0.874955 0.0970886 0.113976 0.0766815
2 0.214646 0.943731 0.312689 0.112538
1 0.644578 0.93293 0.221373 0.13414
0 0.182925 0.07053 0.13418 0.0817787
0 0.458249 0.269105 0.135614 0.0708212
0 0.754643 0.0960817 0.129502 0.0781459
0 0.533437 0.128538 0.136087 0.0916744
0 0.190967 0.230665 0.133436 0.0756958
2 0.47464 0.932901 0.195478 0.134198
0 0.744433 0.271483 0.13994 0.0796786
0 0.612289 0.276446 0.122264 0.0645286
0 0.716643 0.440637 0.244667 0.140222
0 0.856276 0.803615 0.275579 0.15613
0 0.524406 0.217658 0.131796 0.0705001
2 0.559613 0.929664 0.364113 0.140407
0 0.449421 0.438285 0.250126 0.129552
2 0.0479351 0.826181 0.0958702 0.152657
0 0.906799 0.513579 0.185645 0.147481
0 0.299573 0.099226 0.132098 0.0771452
0 0.936433 0.154982 0.127135 0.0646864
0 0.391866 0.162471 0.129748 0.0875092
0 0.91188 0.397917 0.173532 0.0937327
0 0.283582 0.508624 0.267769 0.136696
0 0.472213 0.604699 0.274913 0.152469
2 0.715205 0.438855 0.245801 0.144187
0 0.724636 0.172757 0.137423 0.07162
2 0.573499 0.756408 0.277692 0.153185
