0 0.555462 0.880541 0.0579166 0.0450436
0 0.223257 0.44059 0.0949329 0.0716309
1 0.425302 0.904759 0.0318948 0.0216562
0 0.852152 0.867059 0.0319675 0.0207006
0 0.345763 0.734355 0.0370365 0.0315079
0 0.665603 0.420347 0.0327627 0.0251907
1 0.213688 0.618583 0.0949761 0.0634015
0 0.204369 0.754175 0.129131 0.083702
2 0.204445 0.754248 0.128506 0.0819165
0 0.302291 0.542009 0.0985401 0.064316
0 0.503024 0.854291 0.0564307 0.0521893
0 0.296118 0.930076 0.0573274 0.0392223
1 0.890043 0.498827 0.0302355 0.0186903
0 0.246259 0.860116 0.0712057 0.0548698
0 0.22725 0.922059 0.0691095 0.0561979
0 0.658759 0.420294 0.0471113 0.0276493
