1 0.300943 0.889172 0.0374847 0.0266605
1 0.680802 0.499866 0.037241 0.0224222
1 0.648647 0.483689 0.0366382 0.0261274
1 0.48145 0.498688 0.0438275 0.0273561
1 0.435702 0.469642 0.0467043 0.0350042
1 0.270908 0.853362 0.0229772 0.0151871
1 0.273685 0.523616 0.0366816 0.0229038
1 0.981254 0.290175 0.0366257 0.0201785
1 0.278463 0.845163 0.0367703 0.0289648
1 0.24323 0.538909 0.0248402 0.0228861
1 0.476503 0.395883 0.0272696 0.0179918
1 0.760513 0.799371 0.0414511 0.0364174
1 0.971714 0.289123 0.0203369 0.0198783
1 0.783922 0.757407 0.0396296 0.0253089
0 0.436344 0.469562 0.0465086 0.0349554
1 0.649685 0.488937 0.0425594 0.0366335
1 0.813818 0.801966 0.0741796 0.0496022
